cam_to_ee:
  quaternion:
    w: 0.49728518769323693
    x: 0.5145584415082228
    y: -0.49428478717537394
    z: -0.4935783641333219
  translation:
    x: -0.05695854827413783
    y: 0.018218252406023625
    z: 0.023856515948463372
