[[array([[ 0.87129402, -0.28344226,  0.40063334,  0.18450476],
         [ 0.48193973,  0.64826328, -0.58948147, -0.03719231],
         [-0.09263194,  0.70669293,  0.70143008,  0.37797105],
         [ 0.        ,  0.        ,  0.        ,  1.        ]])
  array([[ 0.87140965, -0.28380519,  0.40012479,  0.18408851],
         [ 0.48183063,  0.64833081, -0.58949655, -0.03718954],
         [-0.09211104,  0.70648539,  0.70170778,  0.37810069],
         [ 0.        ,  0.        ,  0.        ,  1.        ]])
  array([[ 0.87090963, -0.28485063,  0.40047014,  0.18434995],
         [ 0.48294964,  0.64691836, -0.59013236, -0.03695334],
         [-0.09097195,  0.7073589 ,  0.70097601,  0.37833703],
         [ 0.        ,  0.        ,  0.        ,  1.        ]])
  array([[ 0.87118483, -0.28716993,  0.39820865,  0.18411751],
         [ 0.48290065,  0.64752954, -0.58950168, -0.03712511],
         [-0.08856472,  0.70586014,  0.70279247,  0.37876034],
         [ 0.        ,  0.        ,  0.        ,  1.        ]])
  array([[ 0.87128198, -0.28740856,  0.3978239 ,  0.18391196],
         [ 0.48278156,  0.64768571, -0.58942771, -0.03707892],
         [-0.0882583 ,  0.70561981,  0.70307243,  0.37886453],
         [ 0.        ,  0.        ,  0.        ,  1.        ]])
  array([[ 0.87101644, -0.28650013,  0.39905867,  0.18414026],
         [ 0.48302856,  0.64749926, -0.58943021, -0.03710764],
         [-0.08951834,  0.70616019,  0.70237029,  0.37854919],
         [ 0.        ,  0.        ,  0.        ,  1.        ]])
  array([[ 0.87097508, -0.28562585,  0.39977515,  0.18420243],
         [ 0.48302501,  0.64671761, -0.59029049, -0.03701909],
         [-0.08993939,  0.70722973,  0.70123935,  0.37850657],
         [ 0.        ,  0.        ,  0.        ,  1.        ]])
  array([[ 0.87085378, -0.28621462,  0.39961827,  0.18438007],
         [ 0.48320955,  0.64754361, -0.58923298, -0.03701231],
         [-0.09012316,  0.70623523,  0.70221752,  0.3784478 ],
         [ 0.        ,  0.        ,  0.        ,  1.        ]])
  array([[ 0.87142229, -0.28397712,  0.39997509,  0.18432525],
         [ 0.48198402,  0.64725673, -0.59055054, -0.03740132],
         [-0.09118374,  0.70740056,  0.7009064 ,  0.3782784 ],
         [ 0.        ,  0.        ,  0.        ,  1.        ]])
  array([[ 0.87170643, -0.28596762,  0.39793235,  0.18410513],
         [ 0.48182023,  0.6481927 , -0.58965701, -0.03728905],
         [-0.08931403,  0.70573974,  0.70281875,  0.37867448],
         [ 0.        ,  0.        ,  0.        ,  1.        ]])
  array([[ 0.87166709, -0.2857227 ,  0.39819449,  0.184504  ],
         [ 0.48180971,  0.64837193, -0.58946836, -0.03739319],
         [-0.08975361,  0.70567423,  0.70282853,  0.37863252],
         [ 0.        ,  0.        ,  0.        ,  1.        ]])
  array([[ 0.87137246, -0.28463146,  0.39961863,  0.1844333 ],
         [ 0.4820258 ,  0.64846992, -0.58918422, -0.03709011],
         [-0.09144028,  0.7060253 ,  0.70225847,  0.378308  ],
         [ 0.        ,  0.        ,  0.        ,  1.        ]])
  array([[ 0.87148994, -0.28463963,  0.3993564 ,  0.18427049],
         [ 0.48187429,  0.64831221, -0.58948141, -0.03720063],
         [-0.09111786,  0.70616663,  0.70215809,  0.378313  ],
         [ 0.        ,  0.        ,  0.        ,  1.        ]])
  array([[ 0.87084877, -0.28484848,  0.40060413,  0.18434221],
         [ 0.48309392,  0.64649051, -0.59048307, -0.03711961],
         [-0.09078856,  0.70775086,  0.70060408,  0.37825206],
         [ 0.        ,  0.        ,  0.        ,  1.        ]])
  array([[ 0.87127537, -0.28342804,  0.40068415,  0.18461804],
         [ 0.48209116,  0.6472941 , -0.59042215, -0.0372159 ],
         [-0.09201829,  0.70758653,  0.70060951,  0.37811422],
         [ 0.        ,  0.        ,  0.        ,  1.        ]])
  array([[ 0.87135941, -0.28455752,  0.39969966,  0.18439679],
         [ 0.4820568 ,  0.64826989, -0.58937883, -0.03720025],
         [-0.09140109,  0.70623875,  0.70204902,  0.37825435],
         [ 0.        ,  0.        ,  0.        ,  1.        ]])
  array([[ 0.871292  , -0.28411937,  0.40015781,  0.18457773],
         [ 0.48208615,  0.64816177, -0.58947355, -0.03718316],
         [-0.09188615,  0.70651412,  0.7017082 ,  0.37811574],
         [ 0.        ,  0.        ,  0.        ,  1.        ]])
  array([[ 0.87086153, -0.28553474,  0.40008748,  0.1843088 ],
         [ 0.4830564 ,  0.64764732, -0.58924478, -0.03703272],
         [-0.09086573,  0.70641541,  0.70194054,  0.37829393],
         [ 0.        ,  0.        ,  0.        ,  1.        ]])
  array([[ 0.87145495, -0.28478107,  0.39933178,  0.18434064],
         [ 0.4819217 ,  0.64855343, -0.58917725, -0.0370805 ],
         [-0.09120147,  0.70588809,  0.70242733,  0.37837547],
         [ 0.        ,  0.        ,  0.        ,  1.        ]])
  array([[ 0.87121242, -0.28371501,  0.40061799,  0.18467537],
         [ 0.48219725,  0.64761394, -0.58998466, -0.03695878],
         [-0.09205832,  0.70717889,  0.70101595,  0.37821397],
         [ 0.        ,  0.        ,  0.        ,  1.        ]])
  array([[ 0.87128729, -0.28379643,  0.40039703,  0.18471447],
         [ 0.48202166,  0.64823401, -0.5894469 , -0.03738989],
         [-0.09226805,  0.70657766,  0.70159411,  0.37804693],
         [ 0.        ,  0.        ,  0.        ,  1.        ]])
  array([[ 0.87088645, -0.28573388,  0.39989129,  0.1843009 ],
         [ 0.48311058,  0.64723349, -0.58965492, -0.03741707],
         [-0.09033865,  0.70671415,  0.70170784,  0.37828779],
         [ 0.        ,  0.        ,  0.        ,  1.        ]])
  array([[ 0.87142545, -0.28424925,  0.39977521,  0.18441129],
         [ 0.48192275,  0.64809918, -0.5896762 , -0.03730223],
         [-0.09147897,  0.70651948,  0.70175624,  0.37817016],
         [ 0.        ,  0.        ,  0.        ,  1.        ]])
  array([[ 0.87124616, -0.28360814,  0.40061998,  0.18450904],
         [ 0.48215067,  0.64743167, -0.5902226 , -0.03707318],
         [-0.09198213,  0.7073884 ,  0.70081425,  0.37816951],
         [ 0.        ,  0.        ,  0.        ,  1.        ]])
  array([[ 0.87131482, -0.28428805,  0.39998817,  0.18454775],
         [ 0.48207927,  0.64820415, -0.58943266, -0.03718599],
         [-0.09170532,  0.70640749,  0.70183933,  0.37817365],
         [ 0.        ,  0.        ,  0.        ,  1.        ]])
  array([[ 0.87080246, -0.28527868,  0.40039885,  0.18447852],
         [ 0.48320666,  0.64677882, -0.59007502, -0.03695754],
         [-0.09063368,  0.70731413,  0.70106506,  0.37838674],
         [ 0.        ,  0.        ,  0.        ,  1.        ]])
  array([[ 0.87132502, -0.28402039,  0.40015605,  0.18457587],
         [ 0.48197281,  0.64851177, -0.58918118, -0.03727479],
         [-0.09216642,  0.70623267,  0.7019546 ,  0.378151  ],
         [ 0.        ,  0.        ,  0.        ,  1.        ]])
  array([[ 0.8713094 , -0.28396472,  0.40022978,  0.1846047 ],
         [ 0.48214337,  0.64729464, -0.59037882, -0.03712822],
         [-0.09141983,  0.70737076,  0.70090556,  0.3782509 ],
         [ 0.        ,  0.        ,  0.        ,  1.        ]])
  array([[ 0.87088835, -0.28570306,  0.39990902,  0.18451078],
         [ 0.48304036,  0.64771342, -0.5891853 , -0.03700572],
         [-0.09069437,  0.70628673,  0.70209211,  0.37835494],
         [ 0.        ,  0.        ,  0.        ,  1.        ]])
  array([[ 0.87086004, -0.285896  ,  0.39983287,  0.18425453],
         [ 0.48316947,  0.64731616, -0.58951586, -0.03715532],
         [-0.09027804,  0.70657277,  0.70185786,  0.37833416],
         [ 0.        ,  0.        ,  0.        ,  1.        ]])
  array([[ 0.87129271, -0.28448993,  0.39989308,  0.18436486],
         [ 0.48207575,  0.64878023, -0.58880138, -0.03688743],
         [-0.09193468,  0.70579702,  0.7024231 ,  0.37829649],
         [ 0.        ,  0.        ,  0.        ,  1.        ]])
  array([[ 0.87092412, -0.28555357,  0.39993805,  0.18422459],
         [ 0.4829514 ,  0.64777648, -0.58918899, -0.0369621 ],
         [-0.09082544,  0.70628941,  0.7020725 ,  0.37833169],
         [ 0.        ,  0.        ,  0.        ,  1.        ]])
  array([[ 0.87129188, -0.28414559,  0.40013966,  0.18462548],
         [ 0.48207971,  0.64825243, -0.58937919, -0.03716655],
         [-0.09192203,  0.70642054,  0.70179796,  0.37813327],
         [ 0.        ,  0.        ,  0.        ,  1.        ]])
  array([[ 0.87130684, -0.28423938,  0.40004042,  0.18465185],
         [ 0.48208612,  0.64817202, -0.5894624 , -0.0372073 ],
         [-0.09174655,  0.70645654,  0.70178449,  0.37815315],
         [ 0.        ,  0.        ,  0.        ,  1.        ]])
  array([[ 0.87128556, -0.28409657,  0.40018839,  0.18465415],
         [ 0.4820241 ,  0.64867854, -0.58895582, -0.03697132],
         [-0.09227329,  0.70604903,  0.70212555,  0.37818322],
         [ 0.        ,  0.        ,  0.        ,  1.        ]])
  array([[ 0.87135673, -0.28421137,  0.39995146,  0.18454526],
         [ 0.48195904,  0.64854103, -0.58916026, -0.03726808],
         [-0.0919389 ,  0.70612907,  0.70208889,  0.37820756],
         [ 0.        ,  0.        ,  0.        ,  1.        ]])
  array([[ 0.87152624, -0.28448218,  0.39938951,  0.18421176],
         [ 0.48179066,  0.6483134 , -0.58954853, -0.03722676],
         [-0.09121355,  0.70622909,  0.70208293,  0.37828267],
         [ 0.        ,  0.        ,  0.        ,  1.        ]])
  array([[ 0.87127584, -0.28440309,  0.39999154,  0.18463041],
         [ 0.48213404,  0.64839482, -0.58917797, -0.03706729],
         [-0.09178844,  0.70618606,  0.70205122,  0.37821582],
         [ 0.        ,  0.        ,  0.        ,  1.        ]])
  array([[ 0.87135792, -0.2838704 ,  0.40019098,  0.18450883],
         [ 0.48193797,  0.6481871 , -0.58956683, -0.03743941],
         [-0.09203809,  0.70659101,  0.70161098,  0.37807548],
         [ 0.        ,  0.        ,  0.        ,  1.        ]])
  array([[ 0.87145841, -0.28444961,  0.39956057,  0.18440223],
         [ 0.48189002,  0.64827061, -0.58951426, -0.0373756 ],
         [-0.09133627,  0.70628142,  0.70201433,  0.37825325],
         [ 0.        ,  0.        ,  0.        ,  1.        ]])
  array([[ 0.8709572 , -0.28613248,  0.39945173,  0.18419361],
         [ 0.48304197,  0.64754033, -0.58937413, -0.03710255],
         [-0.09002201,  0.70627159,  0.70219392,  0.37844944],
         [ 0.        ,  0.        ,  0.        ,  1.        ]])
  array([[ 0.87127936, -0.28410333,  0.40019685,  0.18469195],
         [ 0.48208639,  0.64827979, -0.58934355, -0.03734369],
         [-0.09200506,  0.70641232,  0.70179522,  0.37812772],
         [ 0.        ,  0.        ,  0.        ,  1.        ]])
  array([[ 0.87126994, -0.28401366,  0.40028095,  0.18463765],
         [ 0.48210007,  0.64814955, -0.58947569, -0.03721923],
         [-0.09202278,  0.70656788,  0.7016362 ,  0.37808248],
         [ 0.        ,  0.        ,  0.        ,  1.        ]])
  array([[ 0.87126511, -0.28432649,  0.40006939,  0.18453377],
         [ 0.482108  ,  0.64860374, -0.58896941, -0.03698394],
         [-0.09202689,  0.70602512,  0.70218188,  0.37822559],
         [ 0.        ,  0.        ,  0.        ,  1.        ]])
  array([[ 0.87132102, -0.28371701,  0.40038019,  0.18459573],
         [ 0.48210439,  0.64709896, -0.59062517, -0.03728697],
         [-0.09151521,  0.70764923,  0.70061219,  0.37816438],
         [ 0.        ,  0.        ,  0.        ,  1.        ]])
  array([[ 0.87088829, -0.28574449,  0.39987952,  0.18459077],
         [ 0.48309863,  0.64732033, -0.58956927, -0.03737606],
         [-0.09038395,  0.70663017,  0.7017864 ,  0.37830469],
         [ 0.        ,  0.        ,  0.        ,  1.        ]])
  array([[ 0.8708846 , -0.28506622,  0.4003717 ,  0.18444172],
         [ 0.48304528,  0.64678103, -0.59020478, -0.03700294],
         [-0.09070535,  0.70739782,  0.70097136,  0.37835464],
         [ 0.        ,  0.        ,  0.        ,  1.        ]])
  array([[ 0.87144846, -0.28473985,  0.39937547,  0.18444234],
         [ 0.48191872,  0.64858973, -0.58913976, -0.03706503],
         [-0.09127925,  0.70587134,  0.70243394,  0.37836993],
         [ 0.        ,  0.        ,  0.        ,  1.        ]])
  array([[ 0.87140501, -0.28444913,  0.39967734,  0.18452662],
         [ 0.48195553,  0.64837223, -0.58934897, -0.03713957],
         [-0.09149988,  0.70618832,  0.70208657,  0.37825245],
         [ 0.        ,  0.        ,  0.        ,  1.        ]])]]	[[array([[ 0.89185411, -0.04737799,  0.44983494,  0.18288358],
         [ 0.40583497,  0.52296251, -0.74953866, -0.04340107],
         [-0.19973519,  0.85103798,  0.48563394,  0.35907283],
         [ 0.        ,  0.        ,  0.        ,  1.        ]])
  array([[ 0.89185089, -0.04586698,  0.4499979 ,  0.18331826],
         [ 0.40511811,  0.52351111, -0.74954355, -0.04351053],
         [-0.20119961,  0.85078341,  0.48547539,  0.35886714],
         [ 0.        ,  0.        ,  0.        ,  1.        ]])
  array([[ 0.89197004, -0.04611492,  0.44973645,  0.18307322],
         [ 0.40503407,  0.52344   , -0.74963862, -0.04355695],
         [-0.20084053,  0.85081375,  0.48557094,  0.35892645],
         [ 0.        ,  0.        ,  0.        ,  1.        ]])
  array([[ 0.89207953, -0.04634387,  0.44949561,  0.18293962],
         [ 0.40491337,  0.52355933, -0.74962056, -0.04371655],
         [-0.20059729,  0.85072792,  0.48582178,  0.35900474],
         [ 0.        ,  0.        ,  0.        ,  1.        ]])
  array([[ 0.8920275 , -0.0461262 ,  0.44962132,  0.18315056],
         [ 0.40491134,  0.52357268, -0.74961215, -0.04351496],
         [-0.20083268,  0.85073149,  0.48571828,  0.35895973],
         [ 0.        ,  0.        ,  0.        ,  1.        ]])
  array([[ 0.89187157, -0.04614919,  0.44992808,  0.18319084],
         [ 0.40514842,  0.52370721, -0.74939013, -0.04341184],
         [-0.20104684,  0.85064745,  0.48577687,  0.35894808],
         [ 0.        ,  0.        ,  0.        ,  1.        ]])
  array([[ 0.89178056, -0.04557731,  0.45016685,  0.18330389],
         [ 0.40509439,  0.52362418, -0.74947745, -0.04342246],
         [-0.20155907,  0.85072947,  0.48542094,  0.35881498],
         [ 0.        ,  0.        ,  0.        ,  1.        ]])
  array([[ 0.89209896, -0.04637937,  0.44945353,  0.18274629],
         [ 0.40484586,  0.52376765, -0.7495113 , -0.04343111],
         [-0.20064737,  0.85059774,  0.48602909,  0.35904115],
         [ 0.        ,  0.        ,  0.        ,  1.        ]])
  array([[ 0.89192319, -0.04593091,  0.44984818,  0.18315287],
         [ 0.40494338,  0.52384758, -0.74940294, -0.04338229],
         [-0.20123112,  0.85057288,  0.48583123,  0.35893562],
         [ 0.        ,  0.        ,  0.        ,  1.        ]])
  array([[ 0.89197499, -0.04612535,  0.4497256 ,  0.18306755],
         [ 0.40488064,  0.52407193, -0.74927992, -0.0432891 ],
         [-0.20112775,  0.85042411,  0.48613429,  0.359009  ],
         [ 0.        ,  0.        ,  0.        ,  1.        ]])
  array([[ 0.89190066, -0.04584499,  0.44990161,  0.18319273],
         [ 0.40493789,  0.52388591, -0.7493791 , -0.04339972],
         [-0.20134184,  0.85055387,  0.48581854,  0.35892034],
         [ 0.        ,  0.        ,  0.        ,  1.        ]])
  array([[ 0.89213902, -0.04635973,  0.44937593,  0.18301687],
         [ 0.40471011,  0.52402705, -0.74940354, -0.04356696],
         [-0.200743  ,  0.85043913,  0.4862673 ,  0.35908166],
         [ 0.        ,  0.        ,  0.        ,  1.        ]])
  array([[ 0.89197552, -0.04594367,  0.44974297,  0.18311396],
         [ 0.40485615,  0.52386844, -0.74943542, -0.04358131],
         [-0.20117435,  0.85055923,  0.48587844,  0.35895288],
         [ 0.        ,  0.        ,  0.        ,  1.        ]])
  array([[ 0.89188015, -0.04578856,  0.44994786,  0.18339744],
         [ 0.40497389,  0.52378368, -0.74943084, -0.04359753],
         [-0.20136002,  0.85061979,  0.48569551,  0.35889792],
         [ 0.        ,  0.        ,  0.        ,  1.        ]])
  array([[ 0.89200896, -0.04585037,  0.44968638,  0.18321311],
         [ 0.40486392,  0.52344483, -0.74972713, -0.04358486],
         [-0.20101073,  0.85082507,  0.48548064,  0.3588894 ],
         [ 0.        ,  0.        ,  0.        ,  1.        ]])
  array([[ 0.89185137, -0.04673113,  0.44990811,  0.18301389],
         [ 0.40508631,  0.52508074, -0.74846208, -0.04333781],
         [-0.20126159,  0.84976858,  0.4872241 ,  0.35895079],
         [ 0.        ,  0.        ,  0.        ,  1.        ]])
  array([[ 0.89209497, -0.04639762,  0.44945937,  0.18299642],
         [ 0.40483311,  0.52387989, -0.74943984, -0.04362067],
         [-0.20069049,  0.85052764,  0.4861339 ,  0.35905799],
         [ 0.        ,  0.        ,  0.        ,  1.        ]])
  array([[ 0.89198762, -0.04638305,  0.44967392,  0.18309447],
         [ 0.40501001,  0.52386427, -0.7493552 , -0.0434007 ],
         [-0.20081073,  0.85053796,  0.48606607,  0.35903344],
         [ 0.        ,  0.        ,  0.        ,  1.        ]])
  array([[ 0.89197803, -0.04593091,  0.44973937,  0.18323499],
         [ 0.40479866,  0.52407259, -0.74932361, -0.04330097],
         [-0.20127898,  0.85043412,  0.48605403,  0.35897693],
         [ 0.        ,  0.        ,  0.        ,  1.        ]])
  array([[ 0.89200664, -0.04623587,  0.44965136,  0.18302052],
         [ 0.40500888,  0.52348959, -0.74961758, -0.04350453],
         [-0.20072863,  0.85077667,  0.48568213,  0.35896388],
         [ 0.        ,  0.        ,  0.        ,  1.        ]])
  array([[ 0.89191705, -0.0456993 ,  0.44988409,  0.1830426 ],
         [ 0.40483028,  0.52398294, -0.74936932, -0.04336577],
         [-0.20148593,  0.85050189,  0.48584977,  0.35891256],
         [ 0.        ,  0.        ,  0.        ,  1.        ]])
  array([[ 0.89199299, -0.04619861,  0.44968241,  0.1830385 ],
         [ 0.4049682 ,  0.52369666, -0.74949503, -0.04348363],
         [-0.20087156,  0.85065138,  0.4858427 ,  0.35898483],
         [ 0.        ,  0.        ,  0.        ,  1.        ]])
  array([[ 0.89195549, -0.04584596,  0.44979268,  0.18297622],
         [ 0.40483147,  0.52395123, -0.74939102, -0.04334618],
         [-0.20131288,  0.85051358,  0.48590106,  0.35893959],
         [ 0.        ,  0.        ,  0.        ,  1.        ]])
  array([[ 0.8920188 , -0.04590113,  0.44966161,  0.18321486],
         [ 0.40474737,  0.5239529 , -0.74943513, -0.0435592 ],
         [-0.20120159,  0.85050958,  0.4859542 ,  0.35896522],
         [ 0.        ,  0.        ,  0.        ,  1.        ]])
  array([[ 0.89196467, -0.04609144,  0.44974938,  0.18308306],
         [ 0.40497664,  0.52368152, -0.74950087, -0.04345432],
         [-0.20097984,  0.85066628,  0.48577139,  0.35895196],
         [ 0.        ,  0.        ,  0.        ,  1.        ]])
  array([[ 0.89192468, -0.04614401,  0.44982338,  0.18327542],
         [ 0.40503144,  0.52381963, -0.74937487, -0.04337823],
         [-0.20104715,  0.85057855,  0.48589739,  0.35897306],
         [ 0.        ,  0.        ,  0.        ,  1.        ]])
  array([[ 0.89191306, -0.04587871,  0.44987372,  0.18311459],
         [ 0.40500948,  0.52355278, -0.74957311, -0.04347401],
         [-0.20114321,  0.85075718,  0.48554489,  0.35888699],
         [ 0.        ,  0.        ,  0.        ,  1.        ]])
  array([[ 0.89207095, -0.04649819,  0.44949669,  0.1831248 ],
         [ 0.40496314,  0.52366596, -0.74951899, -0.04346544],
         [-0.20053485,  0.85065377,  0.48597729,  0.35904717],
         [ 0.        ,  0.        ,  0.        ,  1.        ]])
  array([[ 0.89213938, -0.0463394 ,  0.44937727,  0.18284525],
         [ 0.40465569,  0.52422071, -0.74929726, -0.04328536],
         [-0.20085089,  0.85032076,  0.48642948,  0.35910413],
         [ 0.        ,  0.        ,  0.        ,  1.        ]])
  array([[ 0.89234871, -0.04479434,  0.44911814,  0.18339422],
         [ 0.40363169,  0.52449131, -0.74966007, -0.043625  ],
         [-0.20197806,  0.85023659,  0.48610961,  0.35881168],
         [ 0.        ,  0.        ,  0.        ,  1.        ]])
  array([[ 0.89195347, -0.0460455 ,  0.4497765 ,  0.18310472],
         [ 0.40492523,  0.523902  , -0.74937475, -0.04335104],
         [-0.20113344,  0.85053313,  0.48594111,  0.35897356],
         [ 0.        ,  0.        ,  0.        ,  1.        ]])
  array([[ 0.89190662, -0.04607345,  0.44986665,  0.1830101 ],
         [ 0.40502757,  0.52384603, -0.74935848, -0.04336093],
         [-0.20113534,  0.85056615,  0.48588276,  0.35895783],
         [ 0.        ,  0.        ,  0.        ,  1.        ]])
  array([[ 0.89186311, -0.04591142,  0.44996926,  0.183158  ],
         [ 0.40509495,  0.52359724, -0.7494958 , -0.04346976],
         [-0.20119227,  0.85072798,  0.48557556,  0.35888886],
         [ 0.        ,  0.        ,  0.        ,  1.        ]])
  array([[ 0.89200372, -0.04603143,  0.4496783 ,  0.1830509 ],
         [ 0.40485749,  0.5238108 , -0.749475  , -0.04341745],
         [-0.20104694,  0.85059011,  0.48587734,  0.35896587],
         [ 0.        ,  0.        ,  0.        ,  1.        ]])
  array([[ 0.8919782 , -0.04613441,  0.44971812,  0.18314412],
         [ 0.40481719,  0.52433193, -0.74913222, -0.04320916],
         [-0.20124081,  0.85026336,  0.48636869,  0.35904884],
         [ 0.        ,  0.        ,  0.        ,  1.        ]])
  array([[ 0.89177525, -0.04644598,  0.45008832,  0.18320099],
         [ 0.40515786,  0.52483803, -0.74859345, -0.04343776],
         [-0.20145434,  0.84993398,  0.48685557,  0.35885   ],
         [ 0.        ,  0.        ,  0.        ,  1.        ]])
  array([[ 0.89199638, -0.0468845 ,  0.44960472,  0.18303914],
         [ 0.40497968,  0.52476716, -0.74873972, -0.04345959],
         [-0.20083347,  0.84995377,  0.48707765,  0.35895088],
         [ 0.        ,  0.        ,  0.        ,  1.        ]])
  array([[ 0.89206088, -0.0462289 ,  0.44954458,  0.18296872],
         [ 0.40475652,  0.52416426, -0.74928242, -0.04326193],
         [-0.20099667,  0.85036159,  0.48629782,  0.35906112],
         [ 0.        ,  0.        ,  0.        ,  1.        ]])
  array([[ 0.89207768, -0.04630963,  0.44950274,  0.18307166],
         [ 0.40471819,  0.5243417 , -0.74917883, -0.043225  ],
         [-0.20099889,  0.85024774,  0.48649597,  0.35909989],
         [ 0.        ,  0.        ,  0.        ,  1.        ]])
  array([[ 0.89188272, -0.04558778,  0.44996333,  0.18305404],
         [ 0.4048658 ,  0.52388823, -0.74941629, -0.0435943 ],
         [-0.20156626,  0.85056615,  0.4857038 ,  0.35887313],
         [ 0.        ,  0.        ,  0.        ,  1.        ]])
  array([[ 0.89196122, -0.0460585 ,  0.44975972,  0.18309747],
         [ 0.40494978,  0.52376521, -0.749457  , -0.04338589],
         [-0.20104963,  0.85061669,  0.48582962,  0.35895705],
         [ 0.        ,  0.        ,  0.        ,  1.        ]])
  array([[ 0.89203566, -0.04657026,  0.44955927,  0.18301091],
         [ 0.40506369,  0.52360934, -0.74950427, -0.04347604],
         [-0.20048885,  0.8506847 ,  0.48594216,  0.35904258],
         [ 0.        ,  0.        ,  0.        ,  1.        ]])
  array([[ 0.8921591 , -0.04661123,  0.44931   ,  0.18293893],
         [ 0.40487182,  0.52361816, -0.7496019 , -0.0434679 ],
         [-0.20032699,  0.85067701,  0.48602229,  0.35907912],
         [ 0.        ,  0.        ,  0.        ,  1.        ]])
  array([[ 0.89194167, -0.04581313,  0.4498235 ,  0.18325174],
         [ 0.40482643,  0.52401489, -0.749349  , -0.0435481 ],
         [-0.2013842 ,  0.85047603,  0.48593712,  0.35894531],
         [ 0.        ,  0.        ,  0.        ,  1.        ]])
  array([[ 0.8918913 , -0.04581556,  0.44992319,  0.18320408],
         [ 0.40506047,  0.52338463, -0.74966305, -0.04357734],
         [-0.20113665,  0.85086393,  0.48536023,  0.35884979],
         [ 0.        ,  0.        ,  0.        ,  1.        ]])
  array([[ 0.89208913, -0.04615349,  0.44949639,  0.18308274],
         [ 0.40477318,  0.52376908, -0.74954969, -0.04348493],
         [-0.20083797,  0.85060918,  0.48593038,  0.35900205],
         [ 0.        ,  0.        ,  0.        ,  1.        ]])
  array([[ 0.89195204, -0.04602047,  0.44978172,  0.18303925],
         [ 0.4048906 ,  0.5240162 , -0.74931353, -0.04330861],
         [-0.20120913,  0.85046405,  0.48603055,  0.35897902],
         [ 0.        ,  0.        ,  0.        ,  1.        ]])
  array([[ 0.89184058, -0.04581963,  0.45002353,  0.18330094],
         [ 0.40501356,  0.52394795, -0.749295  , -0.04348182],
         [-0.20145646,  0.85051727,  0.48583555,  0.35891467],
         [ 0.        ,  0.        ,  0.        ,  1.        ]])
  array([[ 0.89192641, -0.04702083,  0.44972903,  0.18295163],
         [ 0.40512621,  0.5248661 , -0.74859101, -0.04342237],
         [-0.20084816,  0.84988511,  0.48719132,  0.35899144],
         [ 0.        ,  0.        ,  0.        ,  1.        ]])
  array([[ 0.89192474, -0.04574763,  0.44986385,  0.18320161],
         [ 0.40481129,  0.52408946, -0.74930507, -0.04352013],
         [-0.20148996,  0.85043365,  0.48596749,  0.35893583],
         [ 0.        ,  0.        ,  0.        ,  1.        ]])]]	[[array([[ 0.64575821, -0.66580987,  0.37375593,  0.15928413],
         [ 0.76256925,  0.58708489, -0.27169704, -0.00894037],
         [-0.03852788,  0.4604654 ,  0.88684106,  0.38285968],
         [ 0.        ,  0.        ,  0.        ,  1.        ]])
  array([[ 0.64576095, -0.66583306,  0.37371007,  0.15912145],
         [ 0.76258528,  0.58688617, -0.27208146, -0.00907731],
         [-0.03816439,  0.46068537,  0.88674259,  0.38283455],
         [ 0.        ,  0.        ,  0.        ,  1.        ]])
  array([[ 0.64574409, -0.66631103,  0.37288642,  0.15935923],
         [ 0.76260412,  0.58715463, -0.27144864, -0.00920043],
         [-0.03807275,  0.45965111,  0.88728315,  0.38276792],
         [ 0.        ,  0.        ,  0.        ,  1.        ]])
  array([[ 0.64565736, -0.66571838,  0.37409306,  0.1593058 ],
         [ 0.76265854,  0.58682817, -0.27200103, -0.00904489],
         [-0.03845225,  0.46092474,  0.8866058 ,  0.38277227],
         [ 0.        ,  0.        ,  0.        ,  1.        ]])
  array([[ 0.64581537, -0.66677094,  0.37193975,  0.15928054],
         [ 0.76256597,  0.58732307, -0.27119115, -0.00930911],
         [-0.0376264 ,  0.45876801,  0.88775909,  0.38296831],
         [ 0.        ,  0.        ,  0.        ,  1.        ]])
  array([[ 0.64567506, -0.66692352,  0.37190968,  0.15943994],
         [ 0.76269341,  0.58712769, -0.27125585, -0.00912619],
         [-0.03745158,  0.4587962 ,  0.88775188,  0.38297632],
         [ 0.        ,  0.        ,  0.        ,  1.        ]])
  array([[ 0.64565825, -0.66566682,  0.37418351,  0.15935057],
         [ 0.76264191,  0.58698207, -0.27171561, -0.00892083],
         [-0.03876694,  0.46080339,  0.88665515,  0.38277689],
         [ 0.        ,  0.        ,  0.        ,  1.        ]])
  array([[ 0.64584643, -0.66635633,  0.37262803,  0.15916306],
         [ 0.76255786,  0.5868423 , -0.27225304, -0.00914226],
         [-0.03725633,  0.45998409,  0.88714522,  0.38302737],
         [ 0.        ,  0.        ,  0.        ,  1.        ]])
  array([[ 0.64570123, -0.66650164,  0.37261984,  0.15943667],
         [ 0.76265907,  0.58700573, -0.27161613, -0.0089196 ],
         [-0.03769737,  0.45956478,  0.88734382,  0.38308626],
         [ 0.        ,  0.        ,  0.        ,  1.        ]])
  array([[ 0.64564472, -0.66564196,  0.37425062,  0.15929884],
         [ 0.76266629,  0.58678895, -0.27206379, -0.00910174],
         [-0.03850906,  0.4610849 ,  0.88651997,  0.38273785],
         [ 0.        ,  0.        ,  0.        ,  1.        ]])
  array([[ 0.64570749, -0.66604584,  0.3734231 ,  0.15923412],
         [ 0.76258034,  0.58756089, -0.27063483, -0.00887576],
         [-0.03915359,  0.45951605,  0.88730597,  0.3827363 ],
         [ 0.        ,  0.        ,  0.        ,  1.        ]])
  array([[ 0.64593989, -0.66697812,  0.37135142,  0.15934257],
         [ 0.76248425,  0.58736235, -0.27133629, -0.00914941],
         [-0.03714243,  0.45841649,  0.88796103,  0.38306847],
         [ 0.        ,  0.        ,  0.        ,  1.        ]])
  array([[ 0.64576226, -0.66635382,  0.37277845,  0.159482  ],
         [ 0.76261055,  0.58694816, -0.27187702, -0.00899594],
         [-0.03763536,  0.45985267,  0.88719738,  0.38303548],
         [ 0.        ,  0.        ,  0.        ,  1.        ]])
  array([[ 0.64563733, -0.66611713,  0.37341714,  0.15977561],
         [ 0.76271117,  0.58665842, -0.2722196 , -0.00914739],
         [-0.03773817,  0.46056458,  0.88682365,  0.38288602],
         [ 0.        ,  0.        ,  0.        ,  1.        ]])
  array([[ 0.64560717, -0.66535962,  0.37481707,  0.15955758],
         [ 0.76267755,  0.58677369, -0.27206507, -0.00903822],
         [-0.0389117 ,  0.46151176,  0.88628018,  0.38263085],
         [ 0.        ,  0.        ,  0.        ,  1.        ]])
  array([[ 0.64687109, -0.66535455,  0.37264085,  0.15958628],
         [ 0.76166761,  0.58784306, -0.27258584, -0.00947903],
         [-0.03768812,  0.46015632,  0.88703763,  0.38289803],
         [ 0.        ,  0.        ,  0.        ,  1.        ]])
  array([[ 0.64585459, -0.66640007,  0.37253582,  0.15941963],
         [ 0.76254135,  0.58700401, -0.27195039, -0.00901619],
         [-0.03745225,  0.45971429,  0.88727677,  0.38307464],
         [ 0.        ,  0.        ,  0.        ,  1.        ]])
  array([[ 0.64566106, -0.66624916,  0.37314069,  0.15951917],
         [ 0.76268691,  0.58684069, -0.27189466, -0.00903591],
         [-0.03782456,  0.4601413 ,  0.88703966,  0.38296503],
         [ 0.        ,  0.        ,  0.        ,  1.        ]])
  array([[ 0.64590257, -0.66671127,  0.37189505,  0.15914731],
         [ 0.76252472,  0.58700287, -0.2719993 , -0.00907212],
         [-0.03695846,  0.45926422,  0.88753051,  0.3831889 ],
         [ 0.        ,  0.        ,  0.        ,  1.        ]])
  array([[ 0.64572752, -0.66561079,  0.37416324,  0.1591628 ],
         [ 0.76258165,  0.5870589 , -0.27171883, -0.00894426],
         [-0.03879686,  0.46078634,  0.8866626 ,  0.382781  ],
         [ 0.        ,  0.        ,  0.        ,  1.        ]])
  array([[ 0.64562577, -0.6655038 ,  0.37452915,  0.15959884],
         [ 0.76264846,  0.58706445, -0.27151915, -0.00903143],
         [-0.03917569,  0.46093383,  0.88656926,  0.38273132],
         [ 0.        ,  0.        ,  0.        ,  1.        ]])
  array([[ 0.64585084, -0.66638678,  0.37256601,  0.1592918 ],
         [ 0.76255971,  0.58680165, -0.27233505, -0.00918785],
         [-0.03714187,  0.45999166,  0.88714606,  0.38303238],
         [ 0.        ,  0.        ,  0.        ,  1.        ]])
  array([[ 0.64569259, -0.66544801,  0.37451288,  0.1594868 ],
         [ 0.76260304,  0.5869875 , -0.2718128 , -0.00915166],
         [-0.0389571 ,  0.46111226,  0.88648629,  0.38270748],
         [ 0.        ,  0.        ,  0.        ,  1.        ]])
  array([[ 0.64578336, -0.66706997,  0.37145877,  0.15950775],
         [ 0.76261383,  0.58724028, -0.27123594, -0.00911553],
         [-0.03720222,  0.45843929,  0.88794678,  0.38306096],
         [ 0.        ,  0.        ,  0.        ,  1.        ]])
  array([[ 0.64556891, -0.66627336,  0.37325677,  0.15935603],
         [ 0.76272845,  0.58716339, -0.27108032, -0.00904973],
         [-0.03854913,  0.45969459,  0.88724005,  0.38273364],
         [ 0.        ,  0.        ,  0.        ,  1.        ]])
  array([[ 0.64572197, -0.66557676,  0.37423331,  0.1591928 ],
         [ 0.76258433,  0.5870499 , -0.27173057, -0.00894937],
         [-0.03883611,  0.46084684,  0.8866294 ,  0.38276792],
         [ 0.        ,  0.        ,  0.        ,  1.        ]])
  array([[ 0.64575648, -0.66684872,  0.3719025 ,  0.15948205],
         [ 0.76262224,  0.58721709, -0.27126274, -0.00909216],
         [-0.0374963 ,  0.45879078,  0.88775289,  0.38297421],
         [ 0.        ,  0.        ,  0.        ,  1.        ]])
  array([[ 0.64567602, -0.66640222,  0.37284124,  0.15922222],
         [ 0.76264423,  0.58733416, -0.27094695, -0.00902387],
         [-0.03842273,  0.45928919,  0.88745546,  0.3828181 ],
         [ 0.        ,  0.        ,  0.        ,  1.        ]])
  array([[ 0.64563459, -0.66614479,  0.37337276,  0.15944979],
         [ 0.76266021,  0.5873149 , -0.27094373, -0.00902241],
         [-0.03879964,  0.4596872 ,  0.8872329 ,  0.38271916],
         [ 0.        ,  0.        ,  0.        ,  1.        ]])
  array([[ 0.64590675, -0.66677099,  0.37178072,  0.15925512],
         [ 0.76249069,  0.58742642, -0.27117866, -0.00923207],
         [-0.03757977,  0.45863554,  0.88782948,  0.38299945],
         [ 0.        ,  0.        ,  0.        ,  1.        ]])
  array([[ 0.64592212, -0.66634846,  0.37251103,  0.15926923],
         [ 0.76250076,  0.58685851, -0.27237797, -0.00939522],
         [-0.03711261,  0.45997488,  0.88715601,  0.38303667],
         [ 0.        ,  0.        ,  0.        ,  1.        ]])
  array([[ 0.64575785, -0.66633564,  0.37281823,  0.15949881],
         [ 0.76262432,  0.58680356, -0.27215007, -0.00910558],
         [-0.03742777,  0.46006334,  0.88709688,  0.38300604],
         [ 0.        ,  0.        ,  0.        ,  1.        ]])
  array([[ 0.64583242, -0.666839  ,  0.37178791,  0.15925378],
         [ 0.7625646 ,  0.58723778, -0.27137971, -0.00916518],
         [-0.03736132,  0.45877814,  0.88776505,  0.38298035],
         [ 0.        ,  0.        ,  0.        ,  1.        ]])
  array([[ 0.64577067, -0.66636032,  0.37275225,  0.15947655],
         [ 0.76260579,  0.58693522, -0.27191809, -0.00900475],
         [-0.037586  ,  0.45985973,  0.88719571,  0.38303626],
         [ 0.        ,  0.        ,  0.        ,  1.        ]])
  array([[ 0.6457544 , -0.66687691,  0.37185544,  0.15945852],
         [ 0.7626161 ,  0.58733052, -0.27103388, -0.00902722],
         [-0.03765582,  0.45860428,  0.88784242,  0.38299841],
         [ 0.        ,  0.        ,  0.        ,  1.        ]])
  array([[ 0.64584941, -0.66690439,  0.37164119,  0.15919431],
         [ 0.76255393,  0.58726287, -0.27135506, -0.00911998],
         [-0.0372832 ,  0.45865098,  0.88783407,  0.38301399],
         [ 0.        ,  0.        ,  0.        ,  1.        ]])
  array([[ 0.64564663, -0.66622901,  0.3732014 ,  0.15937392],
         [ 0.76266831,  0.58717448, -0.27122506, -0.00911009],
         [-0.03843632,  0.45974445,  0.88721895,  0.38272661],
         [ 0.        ,  0.        ,  0.        ,  1.        ]])
  array([[ 0.6456672 , -0.66628927,  0.37305847,  0.15940496],
         [ 0.76268047,  0.58689326, -0.27179906, -0.00895471],
         [-0.03784868,  0.46001613,  0.88710344,  0.38299039],
         [ 0.        ,  0.        ,  0.        ,  1.        ]])
  array([[ 0.64586848, -0.66649479,  0.37234217,  0.15919599],
         [ 0.76254648,  0.58688527, -0.27219236, -0.0091258 ],
         [-0.03710733,  0.45972869,  0.88728392,  0.38308975],
         [ 0.        ,  0.        ,  0.        ,  1.        ]])
  array([[ 0.64687043, -0.66534317,  0.3726621 ,  0.15965742],
         [ 0.76165473,  0.58799636, -0.27229103, -0.00935078],
         [-0.03795697,  0.45997688,  0.88711923,  0.38292018],
         [ 0.        ,  0.        ,  0.        ,  1.        ]])
  array([[ 0.64581627, -0.66620994,  0.37294194,  0.15947425],
         [ 0.76256269,  0.58694482, -0.27201781, -0.00924109],
         [-0.03767538,  0.46006513,  0.88708538,  0.38298857],
         [ 0.        ,  0.        ,  0.        ,  1.        ]])
  array([[ 0.64577258, -0.66646993,  0.37255263,  0.15940879],
         [ 0.76260865,  0.5869621 , -0.2718519 , -0.00921088],
         [-0.03749314,  0.45966637,  0.88729978,  0.38307828],
         [ 0.        ,  0.        ,  0.        ,  1.        ]])
  array([[ 0.64568424, -0.666408  ,  0.37281662,  0.15952075],
         [ 0.76268369,  0.58678758, -0.27201805, -0.00909439],
         [-0.03748919,  0.459979  ,  0.88713813,  0.38301623],
         [ 0.        ,  0.        ,  0.        ,  1.        ]])
  array([[ 0.6455701 , -0.66627431,  0.37325311,  0.15946048],
         [ 0.76272988,  0.58713639, -0.27113432, -0.00926936],
         [-0.03850065,  0.45972753,  0.88722503,  0.38273013],
         [ 0.        ,  0.        ,  0.        ,  1.        ]])
  array([[ 0.64564675, -0.66621798,  0.37322092,  0.15938483],
         [ 0.76265186,  0.5873614 , -0.27086642, -0.00898883],
         [-0.03875948,  0.45952174,  0.88732052,  0.38275507],
         [ 0.        ,  0.        ,  0.        ,  1.        ]])
  array([[ 0.64578325, -0.66649234,  0.37249428,  0.1592814 ],
         [ 0.76260853,  0.58688456, -0.27201948, -0.00905311],
         [-0.03731225,  0.45973298,  0.88727307,  0.38307777],
         [ 0.        ,  0.        ,  0.        ,  1.        ]])
  array([[ 0.64565122, -0.66572088,  0.37409934,  0.15941088],
         [ 0.76264971,  0.58698839, -0.27167994, -0.00913589],
         [-0.03872895,  0.4607172 ,  0.88670152,  0.38279918],
         [ 0.        ,  0.        ,  0.        ,  1.        ]])
  array([[ 0.64550173, -0.66528195,  0.37513652,  0.15971114],
         [ 0.76275837,  0.58666885, -0.27206513, -0.00907533],
         [-0.0390809 ,  0.461757  ,  0.88614511,  0.3825725 ],
         [ 0.        ,  0.        ,  0.        ,  1.        ]])
  array([[ 0.64591575, -0.66577542,  0.37354505,  0.15901916],
         [ 0.76244575,  0.58716691, -0.27186641, -0.00919024],
         [-0.0383313 ,  0.46041065,  0.88687801,  0.38288137],
         [ 0.        ,  0.        ,  0.        ,  1.        ]])
  array([[ 0.64557379, -0.66629064,  0.37321758,  0.15926287],
         [ 0.76270831,  0.58737338, -0.27068135, -0.00887134],
         [-0.03886563,  0.45940101,  0.88737833,  0.38277301],
         [ 0.        ,  0.        ,  0.        ,  1.        ]])]]
