-6.59092115e-02 9.91392646e-01 1.13122045e-01 -6.78596934e-02
9.89216868e-01 7.97790857e-02 -1.22822170e-01 2.08830047e-02
-1.30789770e-01 1.03807123e-01 -9.85960505e-01 6.92733348e-01
0.00000000e+00 0.00000000e+00 0.00000000e+00 1.00000000e+00
-6.60131509e-02 9.91457754e-01 1.12489049e-01 -6.78628588e-02
9.89062267e-01 7.99191636e-02 -1.23970803e-01 2.09033915e-02
-1.31901845e-01 1.03074970e-01 -9.85889169e-01 6.93135637e-01
0.00000000e+00 0.00000000e+00 0.00000000e+00 1.00000000e+00
-6.62189487e-02 9.91658277e-01 1.10584412e-01 -6.78801595e-02
9.89417181e-01 7.95979176e-02 -1.21316993e-01 2.09321332e-02
-1.29107289e-01 1.01380633e-01 -9.86434628e-01 6.93194368e-01
0.00000000e+00 0.00000000e+00 0.00000000e+00 1.00000000e+00
-6.66645733e-02 9.91813732e-01 1.08909854e-01 -6.77042413e-02
9.90689101e-01 7.87815042e-02 -1.11034136e-01 1.71645648e-02
-1.18705262e-01 1.00493762e-01 -9.87830990e-01 6.86297366e-01
0.00000000e+00 0.00000000e+00 0.00000000e+00 1.00000000e+00
-6.80601849e-02 9.93555499e-01 9.06381931e-02 -6.71902976e-02
9.94780996e-01 7.45038110e-02 -6.97133544e-02 2.62082841e-03
-7.60169774e-02 8.54204482e-02 -9.93440872e-01 6.56812601e-01
0.00000000e+00 0.00000000e+00 0.00000000e+00 1.00000000e+00
-7.02216094e-02 9.95288158e-01 6.68611042e-02 -6.62604787e-02
9.97525304e-01 6.98286265e-02 8.19949433e-03 -1.75837552e-02
3.49204054e-03 6.72714250e-02 -9.97728601e-01 6.04896141e-01
0.00000000e+00 0.00000000e+00 0.00000000e+00 1.00000000e+00
-7.29505170e-02 9.95984742e-01 5.18904217e-02 -6.40524563e-02
9.85115301e-01 6.38392522e-02 1.59600734e-01 -5.16618346e-02
1.55647250e-01 6.27610045e-02 -9.85816915e-01 4.94295870e-01
0.00000000e+00 0.00000000e+00 0.00000000e+00 1.00000000e+00
-7.49057261e-02 9.95947683e-01 4.97729290e-02 -6.20094739e-02
9.62317179e-01 5.91115281e-02 2.65426966e-01 -7.89818246e-02
2.61409218e-01 6.77793443e-02 -9.62845357e-01 3.95844161e-01
0.00000000e+00 0.00000000e+00 0.00000000e+00 1.00000000e+00
-7.59600723e-02 9.95896641e-01 4.91929627e-02 -6.06948110e-02
9.42013740e-01 5.55026441e-02 3.30952520e-01 -9.67990902e-02
3.26864163e-01 7.14796241e-02 -9.42364304e-01 3.29698938e-01
0.00000000e+00 0.00000000e+00 0.00000000e+00 1.00000000e+00
-7.74463517e-02 9.95483895e-01 5.48987953e-02 -5.98582645e-02
9.30284343e-01 5.23506404e-02 3.63084634e-01 -1.07040946e-01
3.58570918e-01 7.91910700e-02 -9.30137447e-01 2.90292074e-01
0.00000000e+00 0.00000000e+00 0.00000000e+00 1.00000000e+00
-7.73496328e-02 9.95509554e-01 5.45688770e-02 -5.98817387e-02
9.30331933e-01 5.23899312e-02 3.62957008e-01 -1.07074225e-01
3.58468309e-01 7.88417601e-02 -9.30206670e-01 2.90289793e-01
0.00000000e+00 0.00000000e+00 0.00000000e+00 1.00000000e+00
-7.73672674e-02 9.95499732e-01 5.47228488e-02 -5.98819721e-02
9.30192354e-01 5.23197314e-02 3.63324690e-01 -1.07078323e-01
3.58826546e-01 7.90122140e-02 -9.30054074e-01 2.90206573e-01
0.00000000e+00 0.00000000e+00 0.00000000e+00 1.00000000e+00
-7.74303119e-02 9.95493073e-01 5.47547941e-02 -5.98797315e-02
9.30301102e-01 5.23916809e-02 3.63035773e-01 -1.07092351e-01
3.58530901e-01 7.90484184e-02 -9.30165007e-01 2.90223608e-01
0.00000000e+00 0.00000000e+00 0.00000000e+00 1.00000000e+00
-7.72452789e-02 9.95528932e-01 5.43627793e-02 -5.98952132e-02
9.30360901e-01 5.23726992e-02 3.62885235e-01 -1.07095584e-01
3.58415625e-01 7.86081755e-02 -9.30246738e-01 2.90300230e-01
0.00000000e+00 0.00000000e+00 0.00000000e+00 1.00000000e+00
-7.37351004e-02 9.95870479e-01 5.29634149e-02 -6.15266782e-02
9.37810982e-01 5.11757459e-02 3.43353470e-01 -1.33913165e-01
3.39225143e-01 7.49868747e-02 -9.37711721e-01 3.23824299e-01
0.00000000e+00 0.00000000e+00 0.00000000e+00 1.00000000e+00
-7.34893120e-02 9.94553741e-01 7.39065480e-02 -6.32164072e-02
9.56166431e-01 4.92020756e-02 2.88660549e-01 -1.61710801e-01
2.83452074e-01 9.18804254e-02 -9.54574727e-01 3.69879741e-01
0.00000000e+00 0.00000000e+00 0.00000000e+00 1.00000000e+00
-6.99932565e-02 9.91691834e-01 1.07927065e-01 -6.68983128e-02
9.68778934e-01 4.17798379e-02 2.44380485e-01 -1.90214595e-01
2.37840956e-01 1.21662453e-01 -9.63654465e-01 4.58615996e-01
0.00000000e+00 0.00000000e+00 0.00000000e+00 1.00000000e+00
-6.55621727e-02 9.91093524e-01 1.15910435e-01 -7.06357368e-02
9.80442455e-01 4.23807343e-02 1.92188618e-01 -1.87652135e-01
1.85564525e-01 1.26243815e-01 -9.74488741e-01 5.51333043e-01
0.00000000e+00 0.00000000e+00 0.00000000e+00 1.00000000e+00
-6.38520966e-02 9.93589468e-01 9.32892267e-02 -7.24859698e-02
9.88010331e-01 4.97718450e-02 1.46144958e-01 -1.77069258e-01
1.40564914e-01 1.01502382e-01 -9.84854696e-01 5.95722702e-01
0.00000000e+00 0.00000000e+00 0.00000000e+00 1.00000000e+00
-6.23749067e-02 9.95428266e-01 7.23321410e-02 -7.39250331e-02
9.94126017e-01 5.55435858e-02 9.28890291e-02 -1.61277141e-01
8.84467786e-02 7.77012078e-02 -9.93045663e-01 6.33767156e-01
0.00000000e+00 0.00000000e+00 0.00000000e+00 1.00000000e+00
-6.23184376e-02 9.95371371e-01 7.31590433e-02 -7.39503497e-02
9.94027874e-01 5.53206205e-02 9.40649542e-02 -1.61203276e-01
8.95823588e-02 7.85841092e-02 -9.92874382e-01 6.33570546e-01
0.00000000e+00 0.00000000e+00 0.00000000e+00 1.00000000e+00
-6.23270412e-02 9.95391677e-01 7.28748811e-02 -7.39520943e-02
9.94110593e-01 5.54291401e-02 9.31221715e-02 -1.61227496e-01
8.86536425e-02 7.82497207e-02 -9.92984145e-01 6.33666078e-01
0.00000000e+00 0.00000000e+00 0.00000000e+00 1.00000000e+00
-6.26284923e-02 9.95597935e-01 6.97310777e-02 -7.39602496e-02
9.93930822e-01 5.58871740e-02 9.47530724e-02 -1.61277224e-01
9.04388904e-02 7.52421095e-02 -9.93055604e-01 6.33883392e-01
0.00000000e+00 0.00000000e+00 0.00000000e+00 1.00000000e+00
-6.22349991e-02 9.95380880e-01 7.31006713e-02 -7.39531305e-02
9.94257918e-01 5.54430247e-02 9.15273936e-02 -1.61257367e-01
8.70516953e-02 7.83771285e-02 -9.93115818e-01 6.33802389e-01
0.00000000e+00 0.00000000e+00 0.00000000e+00 1.00000000e+00
-6.22420801e-02 9.95459598e-01 7.20146724e-02 -7.39627905e-02
9.94187154e-01 5.54877066e-02 9.22660094e-02 -1.61256523e-01
8.78511556e-02 7.73388906e-02 -9.93126815e-01 6.33829389e-01
0.00000000e+00 0.00000000e+00 0.00000000e+00 1.00000000e+00
-6.20834279e-02 9.95368102e-01 7.34029271e-02 -7.39564443e-02
9.94228111e-01 5.52293606e-02 9.19792389e-02 -1.61225469e-01
8.74992037e-02 7.86896401e-02 -9.93051776e-01 6.33667547e-01
0.00000000e+00 0.00000000e+00 0.00000000e+00 1.00000000e+00
-6.22997047e-02 9.95528358e-01 7.10072951e-02 -7.39738449e-02
9.94117723e-01 5.55812807e-02 9.29552298e-02 -1.61259734e-01
8.85928909e-02 7.63806939e-02 -9.93135081e-01 6.33842314e-01
0.00000000e+00 0.00000000e+00 0.00000000e+00 1.00000000e+00
-6.22643592e-02 9.95597390e-01 7.00641570e-02 -7.39794233e-02
9.94125568e-01 5.56390230e-02 9.28367034e-02 -1.61263506e-01
8.85296783e-02 7.54329877e-02 -9.93213150e-01 6.33945519e-01
0.00000000e+00 0.00000000e+00 0.00000000e+00 1.00000000e+00
