-7.03122405e-02 9.95344911e-01 6.59143187e-02 -6.23266247e-02
9.93808584e-01 6.41985830e-02 9.06809838e-02 -9.28241630e-02
8.60272498e-02 7.18821988e-02 -9.93696262e-01 4.39173792e-01
0.00000000e+00 0.00000000e+00 0.00000000e+00 1.00000000e+00
-7.02540616e-02 9.95213830e-01 6.79249504e-02 -6.23254050e-02
9.93820486e-01 6.39641768e-02 9.07161842e-02 -9.27989934e-02
8.59372376e-02 7.38783876e-02 -9.93557635e-01 4.38961858e-01
0.00000000e+00 0.00000000e+00 0.00000000e+00 1.00000000e+00
4.12040422e-02 9.95239818e-01 8.83172254e-02 -8.93951928e-02
9.92389465e-01 -5.10308174e-02 1.12066971e-01 -9.55769307e-02
1.16040412e-01 8.30274718e-02 -9.89768186e-01 4.55958369e-01
0.00000000e+00 0.00000000e+00 0.00000000e+00 1.00000000e+00
2.26964137e-01 9.68326660e-01 1.04070936e-01 -1.24413162e-01
9.60115324e-01 -2.40387203e-01 1.42802512e-01 -9.97353929e-02
1.63296801e-01 6.75090517e-02 -9.84264539e-01 4.83708034e-01
0.00000000e+00 0.00000000e+00 0.00000000e+00 1.00000000e+00
5.44588551e-01 8.38553025e-01 -1.58787347e-02 -1.52685399e-01
8.10860934e-01 -5.21577807e-01 2.65445167e-01 -1.17055077e-01
2.14307852e-01 -1.57433844e-01 -9.63995192e-01 5.40462980e-01
0.00000000e+00 0.00000000e+00 0.00000000e+00 1.00000000e+00
6.71993612e-01 7.37167516e-01 -7.07717304e-02 -1.48752370e-01
7.15793830e-01 -6.22044035e-01 3.17333281e-01 -1.33522168e-01
1.89904654e-01 -2.63903906e-01 -9.45669578e-01 5.62677452e-01
0.00000000e+00 0.00000000e+00 0.00000000e+00 1.00000000e+00
7.35392025e-01 6.67812524e-01 -1.15000010e-01 -1.41230755e-01
6.60398297e-01 -6.68242732e-01 3.42528450e-01 -1.45805309e-01
1.51896868e-01 -3.27838501e-01 -9.32442630e-01 5.71696918e-01
0.00000000e+00 0.00000000e+00 0.00000000e+00 1.00000000e+00
7.35326061e-01 6.67715717e-01 -1.15979759e-01 -1.41187833e-01
6.60670430e-01 -6.68121594e-01 3.42239855e-01 -1.45804002e-01
1.51030349e-01 -3.28282282e-01 -9.32427250e-01 5.71666467e-01
0.00000000e+00 0.00000000e+00 0.00000000e+00 1.00000000e+00
7.35336218e-01 6.67710351e-01 -1.15946254e-01 -1.41171671e-01
6.60545827e-01 -6.67900311e-01 3.42911627e-01 -1.45808710e-01
1.51525104e-01 -3.28743153e-01 -9.32184575e-01 5.71664358e-01
0.00000000e+00 0.00000000e+00 0.00000000e+00 1.00000000e+00
7.33791557e-01 6.64379804e-01 -1.41948677e-01 -1.32600596e-01
6.62221567e-01 -6.52822837e-01 3.67811010e-01 -1.47096344e-01
1.51698868e-01 -3.63898090e-01 -9.19002521e-01 5.75203286e-01
0.00000000e+00 0.00000000e+00 0.00000000e+00 1.00000000e+00
6.51526721e-01 7.23737324e-01 -2.27414200e-01 -8.62724583e-03
7.55604009e-01 -5.92358992e-01 2.79595077e-01 -1.59634602e-01
6.76425468e-02 -3.53998745e-01 -9.32796534e-01 6.10348066e-01
0.00000000e+00 0.00000000e+00 0.00000000e+00 1.00000000e+00
4.23296244e-01 8.01421292e-01 -4.22544912e-01 1.83026723e-01
9.05503645e-01 -3.89538358e-01 1.68294437e-01 -1.37925246e-01
-2.97227058e-02 -4.53854361e-01 -8.90580024e-01 6.73503746e-01
0.00000000e+00 0.00000000e+00 0.00000000e+00 1.00000000e+00
-1.31291534e-01 9.90163569e-01 4.83594844e-02 2.25205021e-02
9.88968956e-01 1.34195645e-01 -6.27051268e-02 1.44896402e-02
-6.85779644e-02 3.95933766e-02 -9.96859783e-01 1.15824887e+00
0.00000000e+00 0.00000000e+00 0.00000000e+00 1.00000000e+00
-9.54874906e-02 9.84284644e-01 1.48545881e-01 -5.74714371e-02
9.93168123e-01 1.04259282e-01 -5.24126149e-02 5.45450317e-03
-6.70762188e-02 1.42526285e-01 -9.87515589e-01 1.19302619e+00
0.00000000e+00 0.00000000e+00 0.00000000e+00 1.00000000e+00
-6.44021787e-02 9.86296210e-01 1.51895177e-01 -1.03742120e-01
9.93113329e-01 7.82726108e-02 -8.71740473e-02 -5.49251040e-05
-9.78686646e-02 1.45234927e-01 -9.84544839e-01 1.21858794e+00
0.00000000e+00 0.00000000e+00 0.00000000e+00 1.00000000e+00
-6.36975410e-02 9.89175575e-01 1.32190413e-01 -1.04058605e-01
9.90703542e-01 7.86312152e-02 -1.11011818e-01 1.56354574e-04
-1.20204471e-01 1.23890331e-01 -9.84988361e-01 1.22357271e+00
0.00000000e+00 0.00000000e+00 0.00000000e+00 1.00000000e+00
-5.66344031e-02 9.87392472e-01 1.47812893e-01 -1.01870829e-01
9.94309936e-01 6.91602310e-02 -8.10223082e-02 -7.13550689e-03
-9.02235910e-02 1.42383178e-01 -9.85690993e-01 1.21753210e+00
0.00000000e+00 0.00000000e+00 0.00000000e+00 1.00000000e+00
1.06710092e-03 9.93776192e-01 -1.11390040e-01 -9.15372263e-02
9.99958141e-01 -2.07264380e-03 -8.91181844e-03 -7.65037765e-02
-9.08722488e-03 -1.11375867e-01 -9.93736805e-01 1.19979827e+00
0.00000000e+00 0.00000000e+00 0.00000000e+00 1.00000000e+00
6.06944811e-03 9.42483107e-01 -3.34198675e-01 -3.65733316e-02
9.33504038e-01 1.14479655e-01 3.39800853e-01 -3.49763122e-01
3.58515513e-01 -3.14038217e-01 -8.79116958e-01 8.84897788e-01
0.00000000e+00 0.00000000e+00 0.00000000e+00 1.00000000e+00
-2.73870749e-01 8.12877964e-01 -5.14027459e-01 1.46077480e-01
7.58160837e-01 5.11320027e-01 4.04652908e-01 -3.40797207e-01
5.91765966e-01 -2.78892893e-01 -7.56327836e-01 6.23432031e-01
0.00000000e+00 0.00000000e+00 0.00000000e+00 1.00000000e+00
-3.55758341e-01 7.44269332e-01 -5.65242571e-01 2.05342163e-01
6.98936832e-01 6.13385945e-01 3.67756695e-01 -2.89390466e-01
6.20421879e-01 -2.64236340e-01 -7.38414415e-01 5.87244112e-01
0.00000000e+00 0.00000000e+00 0.00000000e+00 1.00000000e+00
-4.34132747e-01 6.83316136e-01 -5.87033062e-01 2.46873075e-01
6.70162145e-01 6.80445486e-01 2.96439943e-01 -2.44383782e-01
6.02006194e-01 -2.64713049e-01 -7.53336276e-01 5.74025077e-01
0.00000000e+00 0.00000000e+00 0.00000000e+00 1.00000000e+00
-4.33407489e-01 6.82706807e-01 -5.88276605e-01 2.46869608e-01
6.69859546e-01 6.80725031e-01 2.96482076e-01 -2.44394586e-01
6.02864942e-01 -2.65565148e-01 -7.52348998e-01 5.74021883e-01
0.00000000e+00 0.00000000e+00 0.00000000e+00 1.00000000e+00
-4.34052440e-01 6.82674025e-01 -5.87838971e-01 2.46989875e-01
6.70097889e-01 6.80779645e-01 2.95817334e-01 -2.44422221e-01
6.02135615e-01 -2.65509418e-01 -7.52952488e-01 5.74162222e-01
0.00000000e+00 0.00000000e+00 0.00000000e+00 1.00000000e+00
-4.33718606e-01 6.82654075e-01 -5.88108480e-01 2.46952489e-01
6.70267929e-01 6.80640542e-01 2.95752185e-01 -2.44419104e-01
6.02186909e-01 -2.65917028e-01 -7.52767601e-01 5.74166394e-01
0.00000000e+00 0.00000000e+00 0.00000000e+00 1.00000000e+00
-5.93824139e-01 6.84513460e-01 -4.22864299e-01 2.10636728e-01
6.09744863e-01 7.25759072e-01 3.18567059e-01 -2.37583073e-01
5.24961041e-01 -6.86665242e-02 -8.48351822e-01 5.72554897e-01
0.00000000e+00 0.00000000e+00 0.00000000e+00 1.00000000e+00
-7.17040897e-01 6.44623663e-01 -2.65165393e-01 1.69394289e-01
5.24705951e-01 7.49609249e-01 4.03447194e-01 -2.22930162e-01
4.58842039e-01 1.50154278e-01 -8.75738361e-01 5.65784284e-01
0.00000000e+00 0.00000000e+00 0.00000000e+00 1.00000000e+00
-9.75062006e-01 2.08074713e-01 7.71945426e-02 1.22625607e-02
2.16623727e-01 8.16685269e-01 5.34882540e-01 -1.43602912e-01
4.82518852e-02 5.38265813e-01 -8.41392697e-01 6.08898717e-01
0.00000000e+00 0.00000000e+00 0.00000000e+00 1.00000000e+00
-9.58836924e-01 -1.00553579e-01 2.65557395e-01 -9.54011548e-02
8.03615708e-02 8.00877675e-01 5.93411297e-01 -7.53557858e-02
-2.72348619e-01 5.90325272e-01 -7.59830443e-01 6.26852465e-01
0.00000000e+00 0.00000000e+00 0.00000000e+00 1.00000000e+00
-9.02575294e-01 -2.36367816e-01 3.59844543e-01 -1.50810903e-01
2.95031044e-02 7.99891893e-01 5.99418491e-01 -3.90996392e-02
-4.29519972e-01 5.51636851e-01 -7.14989076e-01 6.33782442e-01
0.00000000e+00 0.00000000e+00 0.00000000e+00 1.00000000e+00
-8.41337993e-01 -3.29429080e-01 4.28517051e-01 -2.06176115e-01
-1.84011366e-02 8.09799737e-01 5.86417756e-01 -3.98729341e-03
-5.40196057e-01 4.85490337e-01 -6.87377155e-01 6.49003325e-01
0.00000000e+00 0.00000000e+00 0.00000000e+00 1.00000000e+00
-8.40480831e-01 -3.30193896e-01 4.29609083e-01 -2.06275637e-01
-1.82222133e-02 8.09645164e-01 5.86636735e-01 -3.89536412e-03
-5.41534786e-01 4.85228502e-01 -6.86508104e-01 6.49381665e-01
0.00000000e+00 0.00000000e+00 0.00000000e+00 1.00000000e+00
-8.41091672e-01 -3.29997713e-01 4.28563074e-01 -2.06079483e-01
-1.84794170e-02 8.09394655e-01 5.86974278e-01 -3.92293755e-03
-5.40576831e-01 4.85779582e-01 -6.86873269e-01 6.48923598e-01
0.00000000e+00 0.00000000e+00 0.00000000e+00 1.00000000e+00
-8.40778332e-01 -3.29757807e-01 4.29361834e-01 -2.06246895e-01
-1.83143555e-02 8.09959133e-01 5.86200296e-01 -3.95087428e-03
-5.41069663e-01 4.85001022e-01 -6.87035391e-01 6.49164876e-01
0.00000000e+00 0.00000000e+00 0.00000000e+00 1.00000000e+00
-8.53574548e-01 -2.77900962e-01 4.40660353e-01 -2.10706043e-01
2.66083321e-02 8.21485469e-01 5.69608305e-01 -1.66324173e-03
-5.20290772e-01 4.97928389e-01 -6.93804606e-01 6.51024059e-01
0.00000000e+00 0.00000000e+00 0.00000000e+00 1.00000000e+00
-8.82454985e-01 -1.46551335e-02 4.70168509e-01 -2.23664441e-01
2.46492324e-01 8.36892650e-01 4.88725104e-01 1.25501262e-02
-4.00642901e-01 5.47170833e-01 -7.34907713e-01 6.65093763e-01
0.00000000e+00 0.00000000e+00 0.00000000e+00 1.00000000e+00
-8.41079785e-01 3.08022371e-01 4.44642570e-01 -2.08370465e-01
4.96350310e-01 7.66220102e-01 4.08096956e-01 2.47381685e-02
-2.14991083e-01 5.63940577e-01 -7.97339237e-01 6.82629356e-01
0.00000000e+00 0.00000000e+00 0.00000000e+00 1.00000000e+00
-6.32436326e-01 7.18268752e-01 2.90024644e-01 -1.40875527e-01
7.68584876e-01 5.35254070e-01 3.50400298e-01 6.68333197e-03
9.64447138e-02 4.44514432e-01 -8.90564617e-01 7.13045135e-01
0.00000000e+00 0.00000000e+00 0.00000000e+00 1.00000000e+00
-4.57951311e-01 8.75177913e-01 1.56026338e-01 -9.23908073e-02
8.47942417e-01 3.77323147e-01 3.72318277e-01 -2.93877664e-02
2.66972383e-01 3.02804993e-01 -9.14896105e-01 7.11513163e-01
0.00000000e+00 0.00000000e+00 0.00000000e+00 1.00000000e+00
-3.16454350e-01 9.46081850e-01 6.91793120e-02 -5.72670230e-02
8.70898558e-01 2.60849205e-01 4.16525382e-01 -6.70828738e-02
3.76021735e-01 1.92059432e-01 -9.06488185e-01 6.90332580e-01
0.00000000e+00 0.00000000e+00 0.00000000e+00 1.00000000e+00
-3.16975348e-01 9.45785480e-01 7.08269365e-02 -5.72317683e-02
8.71096079e-01 2.60778919e-01 4.16156193e-01 -6.70595845e-02
3.75124313e-01 1.93608321e-01 -9.06530511e-01 6.90248530e-01
0.00000000e+00 0.00000000e+00 0.00000000e+00 1.00000000e+00
-3.16868189e-01 9.45925938e-01 6.94166455e-02 -5.72463385e-02
8.70809167e-01 2.61138342e-01 4.16531105e-01 -6.70933458e-02
3.75880229e-01 1.92434108e-01 -9.06467411e-01 6.90305226e-01
0.00000000e+00 0.00000000e+00 0.00000000e+00 1.00000000e+00
-3.16926056e-01 9.45907205e-01 6.94077378e-02 -5.72389894e-02
8.70969281e-01 2.61285718e-01 4.16103696e-01 -6.70894892e-02
3.75460234e-01 1.92326111e-01 -9.06664370e-01 6.90401208e-01
0.00000000e+00 0.00000000e+00 0.00000000e+00 1.00000000e+00
-3.17149729e-01 9.45769351e-01 7.02594058e-02 -5.72069973e-02
8.70801365e-01 2.61062269e-01 4.16595096e-01 -6.70665139e-02
3.75660794e-01 1.93305008e-01 -9.06373070e-01 6.90066125e-01
0.00000000e+00 0.00000000e+00 0.00000000e+00 1.00000000e+00
-3.88926528e-01 9.17937112e-01 7.82790802e-02 -5.34271920e-02
8.87400385e-01 3.50446658e-01 2.99512430e-01 1.66132520e-02
2.47500933e-01 1.85953215e-01 -9.50875749e-01 7.03393585e-01
0.00000000e+00 0.00000000e+00 0.00000000e+00 1.00000000e+00
-5.07808567e-01 8.56970459e-01 8.79323152e-02 -3.94164378e-02
8.58159597e-01 4.94275434e-01 1.38758425e-01 1.31913194e-01
7.54490879e-02 1.45922677e-01 -9.86414724e-01 6.88855924e-01
0.00000000e+00 0.00000000e+00 0.00000000e+00 1.00000000e+00
-3.50023347e-01 9.26152095e-01 -1.40449114e-01 1.13301199e-01
9.27965529e-01 3.63299532e-01 8.30266699e-02 5.45222328e-02
1.27920422e-01 -1.01270663e-01 -9.86600536e-01 3.52722411e-01
0.00000000e+00 0.00000000e+00 0.00000000e+00 1.00000000e+00
-1.85228821e-01 9.81047134e-01 -5.68929201e-02 1.65627313e-02
9.81305220e-01 1.87734967e-01 4.23750866e-02 2.06885370e-02
5.22527477e-02 -4.79802321e-02 -9.97480600e-01 3.48167077e-01
0.00000000e+00 0.00000000e+00 0.00000000e+00 1.00000000e+00
-6.80429335e-02 9.96807466e-01 4.17736085e-02 -6.14502044e-02
9.96654075e-01 6.98137473e-02 -4.25052479e-02 1.86137757e-02
-4.52859206e-02 3.87416553e-02 -9.98222555e-01 3.47611489e-01
0.00000000e+00 0.00000000e+00 0.00000000e+00 1.00000000e+00
-6.78991166e-02 9.96810623e-01 4.19319942e-02 -6.14065471e-02
9.96680890e-01 6.96622464e-02 -4.21233301e-02 1.86699509e-02
-4.49100598e-02 3.89326804e-02 -9.98232104e-01 3.47610862e-01
0.00000000e+00 0.00000000e+00 0.00000000e+00 1.00000000e+00
