-1.41132352e-01 9.89392347e-05 -9.89990732e-01 -4.46092439e-02
2.54004621e-05 9.99999995e-01 9.63184848e-05 3.01219797e-06
9.89990737e-01 -1.15525678e-05 -1.41132353e-01 6.01847498e-01
0.00000000e+00 0.00000000e+00 0.00000000e+00 1.00000000e+00
-1.41132352e-01 9.89392347e-05 -9.89990732e-01 -4.46092439e-02
2.54004621e-05 9.99999995e-01 9.63184848e-05 3.01219797e-06
9.89990737e-01 -1.15525678e-05 -1.41132353e-01 6.01847498e-01
0.00000000e+00 0.00000000e+00 0.00000000e+00 1.00000000e+00
-1.41132352e-01 9.89392347e-05 -9.89990732e-01 -4.46092439e-02
2.54004621e-05 9.99999995e-01 9.63184848e-05 3.01219797e-06
9.89990737e-01 -1.15525678e-05 -1.41132353e-01 6.01847498e-01
0.00000000e+00 0.00000000e+00 0.00000000e+00 1.00000000e+00
-1.21874456e-01 8.47232179e-05 -9.92545520e-01 -3.68437529e-02
1.23327055e-05 9.99999996e-01 8.38451981e-05 1.89838737e-06
9.92545524e-01 -2.02218368e-06 -1.21874457e-01 6.12431634e-01
0.00000000e+00 0.00000000e+00 0.00000000e+00 1.00000000e+00
-5.80075859e-02 9.48588408e-05 -9.98316138e-01 -5.92619559e-03
9.52446345e-06 9.99999995e-01 9.44654160e-05 7.33389243e-07
9.98316142e-01 -4.02871484e-06 -5.80075865e-02 6.45297095e-01
0.00000000e+00 0.00000000e+00 0.00000000e+00 1.00000000e+00
3.19455067e-02 8.06174972e-05 -9.99489609e-01 5.01286156e-02
4.13568389e-07 9.99999997e-01 8.06718828e-05 -4.61312882e-07
9.99489612e-01 -2.99046148e-06 3.19455066e-02 6.83556121e-01
0.00000000e+00 0.00000000e+00 0.00000000e+00 1.00000000e+00
1.67336086e-01 7.12404691e-05 -9.85899908e-01 1.57596903e-01
-1.59223609e-05 9.99999997e-01 6.95568412e-05 1.59058660e-06
9.85899911e-01 4.05848457e-06 1.67336087e-01 7.16179643e-01
0.00000000e+00 0.00000000e+00 0.00000000e+00 1.00000000e+00
2.61706767e-01 6.93393065e-05 -9.65147431e-01 2.44420361e-01
-4.77688354e-05 9.99999997e-01 5.88903591e-05 5.43387703e-06
9.65147432e-01 3.06919633e-05 2.61706770e-01 7.15999557e-01
0.00000000e+00 0.00000000e+00 0.00000000e+00 1.00000000e+00
3.20450682e-01 7.32355304e-05 -9.47265198e-01 3.01219406e-01
-6.38648555e-05 9.99999996e-01 5.57077297e-05 8.10592530e-06
9.47265198e-01 4.26453750e-05 3.20450686e-01 7.04579560e-01
0.00000000e+00 0.00000000e+00 0.00000000e+00 1.00000000e+00
3.49397983e-01 6.32651334e-05 -9.36974410e-01 3.29564983e-01
-6.03309250e-05 9.99999997e-01 4.50232464e-05 1.46249678e-05
9.36974410e-01 4.07975013e-05 3.49397986e-01 6.95476514e-01
0.00000000e+00 0.00000000e+00 0.00000000e+00 1.00000000e+00
3.49415955e-01 7.64259099e-05 -9.36967707e-01 3.29564052e-01
-7.19847880e-05 9.99999996e-01 5.47225649e-05 1.08914125e-05
9.36967708e-01 4.83264845e-05 3.49415959e-01 6.95469140e-01
0.00000000e+00 0.00000000e+00 0.00000000e+00 1.00000000e+00
3.49440275e-01 6.40265959e-05 -9.36958638e-01 3.29569707e-01
-3.55287879e-05 9.99999998e-01 5.50839751e-05 1.44812411e-05
9.36958640e-01 1.40404453e-05 3.49440277e-01 6.95460620e-01
0.00000000e+00 0.00000000e+00 0.00000000e+00 1.00000000e+00
3.49440275e-01 6.40265959e-05 -9.36958638e-01 3.29569707e-01
-3.55287879e-05 9.99999998e-01 5.50839751e-05 1.44812411e-05
9.36958640e-01 1.40404453e-05 3.49440277e-01 6.95460620e-01
0.00000000e+00 0.00000000e+00 0.00000000e+00 1.00000000e+00
3.49436772e-01 6.78071642e-05 -9.36959945e-01 3.29568903e-01
-4.05351483e-05 9.99999998e-01 5.72518526e-05 1.41207523e-05
9.36959946e-01 1.79739078e-05 3.49436774e-01 6.95461848e-01
0.00000000e+00 0.00000000e+00 0.00000000e+00 1.00000000e+00
3.49428403e-01 6.72465053e-05 -9.36963066e-01 3.29566720e-01
-4.38409050e-05 9.99999998e-01 5.54208054e-05 1.29178656e-05
9.36963067e-01 2.17117052e-05 3.49428406e-01 6.95463776e-01
0.00000000e+00 0.00000000e+00 0.00000000e+00 1.00000000e+00
3.49410172e-01 5.63609996e-05 -9.36969865e-01 3.29561874e-01
-3.91297534e-05 9.99999998e-01 4.55603401e-05 1.10861429e-05
9.36969866e-01 2.07441535e-05 3.49410173e-01 6.95468364e-01
0.00000000e+00 0.00000000e+00 0.00000000e+00 1.00000000e+00
3.49353211e-01 4.58875640e-05 -9.36991105e-01 3.29547091e-01
-2.15328299e-05 9.99999999e-01 4.09448931e-05 7.28774988e-06
9.36991106e-01 5.87184025e-06 3.49353212e-01 6.95481487e-01
0.00000000e+00 0.00000000e+00 0.00000000e+00 1.00000000e+00
3.49284847e-01 2.37418020e-05 -9.37016593e-01 3.29532014e-01
-7.54547789e-06 1.00000000e+00 2.25249809e-05 3.22139522e-06
9.37016593e-01 -7.97396523e-07 3.49284847e-01 6.95498047e-01
0.00000000e+00 0.00000000e+00 0.00000000e+00 1.00000000e+00
3.49240970e-01 5.49598107e-06 -9.37032947e-01 3.29524414e-01
9.50767624e-06 1.00000000e+00 9.40890196e-06 2.04586805e-06
9.37032947e-01 -1.21949799e-05 3.49240970e-01 6.95505742e-01
0.00000000e+00 0.00000000e+00 0.00000000e+00 1.00000000e+00
3.49210693e-01 -8.14510393e-06 -9.37044231e-01 3.29518734e-01
1.92746579e-05 1.00000000e+00 -1.50920014e-06 5.78539823e-07
9.37044231e-01 -1.75341782e-05 3.49210693e-01 6.95512615e-01
0.00000000e+00 0.00000000e+00 0.00000000e+00 1.00000000e+00
3.49203371e-01 -5.85554223e-06 -9.37046960e-01 3.29516849e-01
1.92101183e-05 1.00000000e+00 9.09981974e-07 -3.90781445e-07
9.37046960e-01 -1.83185518e-05 3.49203371e-01 6.95514101e-01
0.00000000e+00 0.00000000e+00 0.00000000e+00 1.00000000e+00
3.49206361e-01 -8.20035403e-06 -9.37045846e-01 3.29518529e-01
2.81223467e-05 1.00000000e+00 1.72899580e-06 9.47611794e-07
9.37045845e-01 -2.69557045e-05 3.49206361e-01 6.95512256e-01
0.00000000e+00 0.00000000e+00 0.00000000e+00 1.00000000e+00
3.49211210e-01 -1.33359140e-05 -9.37044039e-01 3.29518448e-01
2.05633751e-05 1.00000000e+00 -6.56847772e-06 1.25708882e-07
9.37044039e-01 -1.69750020e-05 3.49211210e-01 6.95511357e-01
0.00000000e+00 0.00000000e+00 0.00000000e+00 1.00000000e+00
3.49208000e-01 -5.85100665e-06 -9.37045235e-01 3.29518974e-01
1.85178851e-05 1.00000000e+00 6.56944762e-07 -4.40632680e-07
9.37045235e-01 -1.75815063e-05 3.49208000e-01 6.95510761e-01
0.00000000e+00 0.00000000e+00 0.00000000e+00 1.00000000e+00
3.49213309e-01 -6.65442011e-06 -9.37043256e-01 3.29519356e-01
1.87983828e-05 1.00000000e+00 -9.58063095e-08 -1.75889656e-07
9.37043256e-01 -1.75814410e-05 3.49213309e-01 6.95510618e-01
0.00000000e+00 0.00000000e+00 0.00000000e+00 1.00000000e+00
3.49200917e-01 -9.02032602e-06 -9.37047875e-01 3.29517099e-01
1.96247016e-05 1.00000000e+00 -2.31296852e-06 6.03745443e-07
9.37047874e-01 -1.75815942e-05 3.49200917e-01 6.95512269e-01
0.00000000e+00 0.00000000e+00 0.00000000e+00 1.00000000e+00
3.49213309e-01 -9.02036395e-06 -9.37043256e-01 3.29519356e-01
1.96246018e-05 1.00000000e+00 -2.31279803e-06 6.03734636e-07
9.37043256e-01 -1.75814410e-05 3.49213309e-01 6.95510618e-01
0.00000000e+00 0.00000000e+00 0.00000000e+00 1.00000000e+00
3.49208589e-01 -8.27833150e-06 -9.37045016e-01 3.29518674e-01
2.29589689e-05 1.00000000e+00 -2.78388274e-07 6.10456422e-07
9.37045015e-01 -2.14163718e-05 3.49208589e-01 6.95512269e-01
0.00000000e+00 0.00000000e+00 0.00000000e+00 1.00000000e+00
