6.67798173e-02 -6.24378456e-07 -9.97767736e-01 1.99285711e-01
5.95054797e-05 9.99999998e-01 3.35688005e-06 -7.94375703e-06
9.97767735e-01 -5.95968196e-05 6.67798173e-02 6.23010991e-01
0.00000000e+00 0.00000000e+00 0.00000000e+00 1.00000000e+00
6.67878307e-02 1.71897950e-07 -9.97767200e-01 1.99286259e-01
5.92325488e-05 9.99999998e-01 4.13714882e-06 -8.75687103e-06
9.97767198e-01 -5.93766056e-05 6.67878306e-02 6.23011475e-01
0.00000000e+00 0.00000000e+00 0.00000000e+00 1.00000000e+00
9.11022639e-02 2.20890810e-02 -9.95596530e-01 1.77241142e-01
-1.21840500e-01 9.92490157e-01 1.08711207e-02 -9.76560396e-03
9.88359889e-01 1.20313595e-01 9.31094449e-02 6.21886727e-01
0.00000000e+00 0.00000000e+00 0.00000000e+00 1.00000000e+00
1.26632138e-01 3.74462790e-02 -9.91242694e-01 1.42568013e-01
-3.17612065e-01 9.48208822e-01 -4.75464056e-03 -2.49102154e-02
9.39727023e-01 3.15432729e-01 1.31967100e-01 6.12968482e-01
0.00000000e+00 0.00000000e+00 0.00000000e+00 1.00000000e+00
1.95716592e-01 3.77312126e-03 -9.80653241e-01 9.14663053e-02
-6.05053128e-01 7.87433444e-01 -1.17725460e-01 -4.60042239e-02
7.71754966e-01 6.16388137e-01 1.56396729e-01 5.79443657e-01
0.00000000e+00 0.00000000e+00 0.00000000e+00 1.00000000e+00
2.39092226e-01 -3.49331880e-02 -9.70368270e-01 7.26490501e-02
-7.04961290e-01 6.80985407e-01 -1.98213154e-01 -5.29252266e-02
6.67730849e-01 7.31463292e-01 1.38191772e-01 5.57585524e-01
0.00000000e+00 0.00000000e+00 0.00000000e+00 1.00000000e+00
2.67703245e-01 -6.16290609e-02 -9.61528383e-01 6.38066997e-02
-7.49090064e-01 6.14323697e-01 -2.47932394e-01 -5.58646173e-02
6.05969511e-01 7.86643664e-01 1.18290730e-01 5.44133269e-01
0.00000000e+00 0.00000000e+00 0.00000000e+00 1.00000000e+00
2.67648138e-01 -6.16099047e-02 -9.61544952e-01 6.38101246e-02
-7.49051254e-01 6.14397454e-01 -2.47866874e-01 -5.58614362e-02
6.06041825e-01 7.86587559e-01 1.18293358e-01 5.44142600e-01
0.00000000e+00 0.00000000e+00 0.00000000e+00 1.00000000e+00
2.67620049e-01 -6.16181528e-02 -9.61552241e-01 6.38066028e-02
-7.49056780e-01 6.14397553e-01 -2.47849928e-01 -5.58617691e-02
6.06047399e-01 7.86586835e-01 1.18269608e-01 5.44145083e-01
0.00000000e+00 0.00000000e+00 0.00000000e+00 1.00000000e+00
2.70738911e-01 -7.79540216e-02 -9.59491330e-01 6.12372143e-02
-7.39222433e-01 6.21628901e-01 -2.59090147e-01 -5.50306188e-02
6.16644660e-01 7.79423299e-01 1.10673770e-01 5.50251583e-01
0.00000000e+00 0.00000000e+00 0.00000000e+00 1.00000000e+00
2.83180687e-01 -2.01911932e-01 -9.37571475e-01 3.36746755e-02
-6.46460747e-01 6.81942544e-01 -3.42115288e-01 -4.71080781e-02
7.08447035e-01 7.02983598e-01 6.25848197e-02 5.98953950e-01
0.00000000e+00 0.00000000e+00 0.00000000e+00 1.00000000e+00
2.38862119e-01 -3.65669510e-01 -8.99572508e-01 -4.72514411e-02
-4.42446859e-01 7.83655824e-01 -4.36032484e-01 -2.92310014e-02
8.64399020e-01 5.02164674e-01 2.53963644e-02 6.74301766e-01
0.00000000e+00 0.00000000e+00 0.00000000e+00 1.00000000e+00
-1.12600748e-01 -5.98713602e-02 -9.91834912e-01 -5.03269007e-01
5.50531438e-02 9.96273859e-01 -6.63893713e-02 2.06991535e-02
9.92114017e-01 -6.20791228e-02 -1.08885075e-01 5.76904548e-01
0.00000000e+00 0.00000000e+00 0.00000000e+00 1.00000000e+00
-1.45187512e-01 4.33569768e-03 -9.89394657e-01 -5.40884099e-01
2.80522910e-02 9.99606422e-01 2.63948159e-04 1.94893647e-02
9.89006398e-01 -2.77164649e-02 -1.45251996e-01 5.21730154e-01
0.00000000e+00 0.00000000e+00 0.00000000e+00 1.00000000e+00
-1.63891042e-01 3.23306573e-02 -9.85948505e-01 -5.57667357e-01
5.30367313e-03 9.99477228e-01 3.18926709e-02 1.80941132e-02
9.86464190e-01 -2.22554427e-06 -1.63976835e-01 4.88937561e-01
0.00000000e+00 0.00000000e+00 0.00000000e+00 1.00000000e+00
-1.63906245e-01 3.22932104e-02 -9.85947205e-01 -5.57655692e-01
5.35894103e-03 9.99478436e-01 3.18455222e-02 1.81054707e-02
9.86461365e-01 -6.39529648e-05 -1.63993815e-01 4.88970720e-01
0.00000000e+00 0.00000000e+00 0.00000000e+00 1.00000000e+00
-1.50618547e-01 1.90688226e-02 -9.88408030e-01 -5.54471782e-01
-6.15229404e-03 9.99776511e-01 2.02256659e-02 5.65921991e-03
9.88572811e-01 9.12733724e-03 -1.50467568e-01 4.96027815e-01
0.00000000e+00 0.00000000e+00 0.00000000e+00 1.00000000e+00
-4.72763845e-02 -6.51172591e-02 -9.96757085e-01 -5.20758294e-01
-7.05892943e-02 9.95595844e-01 -6.16933321e-02 -7.88432940e-02
9.96384512e-01 6.74437415e-02 -5.16647532e-02 5.45239042e-01
0.00000000e+00 0.00000000e+00 0.00000000e+00 1.00000000e+00
3.83975066e-01 -3.19332100e-01 -8.66366065e-01 -2.27521346e-01
6.23196028e-02 9.45115536e-01 -3.20738042e-01 -2.69683387e-01
9.21237980e-01 6.91638218e-02 3.82801450e-01 7.11417378e-01
0.00000000e+00 0.00000000e+00 0.00000000e+00 1.00000000e+00
3.92914558e-01 -5.24755906e-01 -7.55148588e-01 -1.79195750e-02
4.67073944e-01 8.21262453e-01 -3.27673486e-01 -1.80075194e-01
7.92123779e-01 -2.23962546e-01 5.67785785e-01 7.69215764e-01
0.00000000e+00 0.00000000e+00 0.00000000e+00 1.00000000e+00
3.25824185e-01 -5.71804569e-01 -7.52913100e-01 1.10134387e-02
5.76009868e-01 7.51561446e-01 -3.21508980e-01 -1.33744121e-01
7.49700762e-01 -3.28929974e-01 5.74241970e-01 7.72551453e-01
0.00000000e+00 0.00000000e+00 0.00000000e+00 1.00000000e+00
2.74780401e-01 -5.92928587e-01 -7.56922336e-01 2.12885806e-02
6.33154501e-01 7.04030506e-01 -3.21646428e-01 -1.05715813e-01
7.23609777e-01 -3.90866649e-01 5.68869188e-01 7.72181080e-01
0.00000000e+00 0.00000000e+00 0.00000000e+00 1.00000000e+00
2.74836890e-01 -5.92974450e-01 -7.56865897e-01 2.12868605e-02
6.33150135e-01 7.04026340e-01 -3.21664140e-01 -1.05734779e-01
7.23592144e-01 -3.90804573e-01 5.68934263e-01 7.72179667e-01
0.00000000e+00 0.00000000e+00 0.00000000e+00 1.00000000e+00
2.74856948e-01 -5.92977293e-01 -7.56856385e-01 2.12889822e-02
6.33155542e-01 7.04026815e-01 -3.21652457e-01 -1.05737308e-01
7.23579794e-01 -3.90799402e-01 5.68953521e-01 7.72178108e-01
0.00000000e+00 0.00000000e+00 0.00000000e+00 1.00000000e+00
2.75866920e-01 -5.90044873e-01 -7.58778287e-01 2.12938119e-02
6.35460377e-01 7.04239643e-01 -3.16601698e-01 -1.03644929e-01
7.21170959e-01 -3.94833601e-01 5.69226559e-01 7.72752068e-01
0.00000000e+00 0.00000000e+00 0.00000000e+00 1.00000000e+00
3.19420621e-01 -4.88657127e-01 -8.11901890e-01 2.28779972e-02
6.98221303e-01 7.00629062e-01 -1.46989560e-01 -3.88008389e-02
6.40669555e-01 -5.19935699e-01 5.64986186e-01 7.86266800e-01
0.00000000e+00 0.00000000e+00 0.00000000e+00 1.00000000e+00
3.65141887e-01 -3.72910940e-01 -8.52999903e-01 2.60144719e-02
7.49396181e-01 6.61364511e-01 3.16598797e-02 3.29912494e-02
5.52337548e-01 -6.50795217e-01 5.20949919e-01 7.91205510e-01
0.00000000e+00 0.00000000e+00 0.00000000e+00 1.00000000e+00
4.98233392e-01 5.68804150e-02 -8.65175188e-01 4.84039194e-02
8.26623700e-01 2.69952227e-01 4.93780370e-01 2.84026728e-01
2.61642401e-01 -9.61192184e-01 8.74805144e-02 7.24558491e-01
0.00000000e+00 0.00000000e+00 0.00000000e+00 1.00000000e+00
5.36177837e-01 2.72940761e-01 -7.98759455e-01 6.54103733e-02
8.33858228e-01 -2.42710153e-02 5.51444805e-01 3.98857329e-01
1.31125062e-01 -9.61724627e-01 -2.40607480e-01 6.35959315e-01
0.00000000e+00 0.00000000e+00 0.00000000e+00 1.00000000e+00
5.43647588e-01 3.65679823e-01 -7.55463809e-01 7.36640433e-02
8.36044868e-01 -1.56577745e-01 5.25844453e-01 4.43607569e-01
7.40018872e-02 -9.17475709e-01 -3.90847852e-01 5.83514341e-01
0.00000000e+00 0.00000000e+00 0.00000000e+00 1.00000000e+00
5.44498374e-01 4.35844302e-01 -7.16631890e-01 8.01352325e-02
8.38278159e-01 -2.53760295e-01 4.82592416e-01 4.74522033e-01
2.84824351e-02 -8.63507647e-01 -5.03530827e-01 5.37059594e-01
0.00000000e+00 0.00000000e+00 0.00000000e+00 1.00000000e+00
5.44462015e-01 4.35778165e-01 -7.16699731e-01 8.01267850e-02
8.38303189e-01 -2.53732385e-01 4.82563612e-01 4.74510968e-01
2.84407533e-02 -8.63549227e-01 -5.03461872e-01 5.37071293e-01
0.00000000e+00 0.00000000e+00 0.00000000e+00 1.00000000e+00
5.44449142e-01 4.35736792e-01 -7.16734665e-01 8.01245221e-02
8.38313026e-01 -2.53740077e-01 4.82542478e-01 4.74511778e-01
2.83972022e-02 -8.63567844e-01 -5.03432396e-01 5.37065215e-01
0.00000000e+00 0.00000000e+00 0.00000000e+00 1.00000000e+00
5.44447868e-01 4.35739443e-01 -7.16734021e-01 8.01258948e-02
8.38313947e-01 -2.53743755e-01 4.82538945e-01 4.74513043e-01
2.83944694e-02 -8.63565426e-01 -5.03436699e-01 5.37063592e-01
0.00000000e+00 0.00000000e+00 0.00000000e+00 1.00000000e+00
5.22467319e-01 4.46996953e-01 -7.26100286e-01 6.78277284e-02
8.48371771e-01 -1.87228776e-01 4.95187564e-01 4.73770542e-01
8.54004646e-02 -8.74722304e-01 -4.77040513e-01 5.61766976e-01
0.00000000e+00 0.00000000e+00 0.00000000e+00 1.00000000e+00
4.34478901e-01 4.62287665e-01 -7.72993013e-01 2.04039400e-02
8.46854436e-01 8.25706277e-02 5.25375729e-01 4.52777910e-01
3.06701237e-01 -8.82877231e-01 -3.55615164e-01 6.57842028e-01
0.00000000e+00 0.00000000e+00 0.00000000e+00 1.00000000e+00
3.41955645e-01 4.09829003e-01 -8.45639713e-01 -2.82035556e-02
7.53861367e-01 4.17617721e-01 5.07236117e-01 3.86196858e-01
5.61034202e-01 -8.10947364e-01 -1.66147515e-01 7.69697345e-01
0.00000000e+00 0.00000000e+00 0.00000000e+00 1.00000000e+00
3.04779939e-01 2.30097082e-01 -9.24210215e-01 -4.97635879e-02
5.00637032e-01 7.86799622e-01 3.60983265e-01 2.39417699e-01
8.10229444e-01 -5.72714316e-01 1.24605621e-01 8.83206720e-01
0.00000000e+00 0.00000000e+00 0.00000000e+00 1.00000000e+00
3.44146675e-01 1.02497316e-01 -9.33304541e-01 -3.22846017e-02
3.31655100e-01 9.16674054e-01 2.22965411e-01 1.45084361e-01
8.78389413e-01 -3.86268015e-01 2.81476570e-01 9.17561951e-01
0.00000000e+00 0.00000000e+00 0.00000000e+00 1.00000000e+00
3.94308669e-01 1.74008723e-02 -9.18813302e-01 -8.70580444e-03
2.20456385e-01 9.68834192e-01 1.12957032e-01 8.25327902e-02
8.92143293e-01 -2.47098196e-01 3.78183587e-01 9.27394804e-01
0.00000000e+00 0.00000000e+00 0.00000000e+00 1.00000000e+00
3.94290882e-01 1.74088355e-02 -9.18820784e-01 -8.71584566e-03
2.20496395e-01 9.68822736e-01 1.12977194e-01 8.25542085e-02
8.92141267e-01 -2.47142548e-01 3.78159386e-01 9.27392666e-01
0.00000000e+00 0.00000000e+00 0.00000000e+00 1.00000000e+00
3.94285699e-01 1.73812520e-02 -9.18823530e-01 -8.71755349e-03
2.20512657e-01 9.68821799e-01 1.12953488e-01 8.25572361e-02
8.92139538e-01 -2.47148163e-01 3.78159794e-01 9.27392172e-01
0.00000000e+00 0.00000000e+00 0.00000000e+00 1.00000000e+00
3.94286134e-01 1.73656855e-02 -9.18823638e-01 -8.71551314e-03
2.20513070e-01 9.68823583e-01 1.12937377e-01 8.25534489e-02
8.92139244e-01 -2.47142263e-01 3.78164345e-01 9.27392641e-01
0.00000000e+00 0.00000000e+00 0.00000000e+00 1.00000000e+00
3.91926988e-01 1.81196909e-02 -9.19817869e-01 -8.92606604e-03
2.22363198e-01 9.68297058e-01 1.13821861e-01 8.32788950e-02
8.92719353e-01 -2.49143503e-01 3.75472597e-01 9.27412391e-01
0.00000000e+00 0.00000000e+00 0.00000000e+00 1.00000000e+00
2.82809664e-01 2.25683749e-02 -9.58910508e-01 -1.58586944e-02
3.08144460e-01 9.44591290e-01 1.13111829e-01 1.11100972e-01
9.08331264e-01 -3.27472079e-01 2.60185226e-01 9.27043201e-01
0.00000000e+00 0.00000000e+00 0.00000000e+00 1.00000000e+00
1.34723793e-01 2.13954399e-02 -9.90652176e-01 -1.47020379e-02
4.47333548e-01 8.90775465e-01 8.00735185e-02 1.56828059e-01
8.84161861e-01 -4.53939761e-01 1.10437751e-01 9.19238978e-01
0.00000000e+00 0.00000000e+00 0.00000000e+00 1.00000000e+00
4.33927266e-02 -2.16401144e-01 -9.75339744e-01 2.85705704e-01
2.81950429e-01 9.39227722e-01 -1.95844943e-01 9.96884740e-02
9.58447196e-01 -2.66499213e-01 1.01770047e-01 7.48918425e-01
0.00000000e+00 0.00000000e+00 0.00000000e+00 1.00000000e+00
3.44233102e-02 -9.87513327e-02 -9.94516571e-01 3.00447158e-01
1.09955935e-01 9.89439506e-01 -9.44412847e-02 3.98000985e-02
9.93340188e-01 -1.06102017e-01 4.49180782e-02 7.21411211e-01
0.00000000e+00 0.00000000e+00 0.00000000e+00 1.00000000e+00
3.12811491e-03 8.03872422e-06 -9.99995107e-01 3.02163901e-01
-8.73575932e-05 9.99999996e-01 7.76549759e-06 -8.72270062e-07
9.99995104e-01 8.73328745e-05 3.12811560e-03 7.02190622e-01
0.00000000e+00 0.00000000e+00 0.00000000e+00 1.00000000e+00
3.16080084e-03 -4.84185117e-05 -9.99995003e-01 3.02163489e-01
-2.58497078e-05 9.99999998e-01 -4.85004597e-05 1.77191269e-05
9.99995004e-01 2.60028790e-05 3.16079958e-03 7.02211536e-01
0.00000000e+00 0.00000000e+00 0.00000000e+00 1.00000000e+00
