9.99977455e-01 -1.70131447e-04 -6.71270365e-03 6.23624304e-01
1.71945265e-04 9.99999949e-01 2.69630477e-04 -6.47149933e-05
6.71265744e-03 -2.70778616e-04 9.99977433e-01 6.27491544e-01
0.00000000e+00 0.00000000e+00 0.00000000e+00 1.00000000e+00
9.99977455e-01 -1.70131447e-04 -6.71270365e-03 6.23624304e-01
1.71945265e-04 9.99999949e-01 2.69630477e-04 -6.47149933e-05
6.71265744e-03 -2.70778616e-04 9.99977433e-01 6.27491544e-01
0.00000000e+00 0.00000000e+00 0.00000000e+00 1.00000000e+00
9.99977455e-01 -1.70131447e-04 -6.71270365e-03 6.23624304e-01
1.71945265e-04 9.99999949e-01 2.69630477e-04 -6.47149933e-05
6.71265744e-03 -2.70778616e-04 9.99977433e-01 6.27491544e-01
0.00000000e+00 0.00000000e+00 0.00000000e+00 1.00000000e+00
9.99977474e-01 -1.71693180e-04 -6.70985703e-03 6.23624497e-01
1.73530059e-04 9.99999948e-01 2.73177045e-04 -6.53114127e-05
6.70980978e-03 -2.74335253e-04 9.99977451e-01 6.27492611e-01
0.00000000e+00 0.00000000e+00 0.00000000e+00 1.00000000e+00
9.99977487e-01 -1.52735610e-04 -6.70831364e-03 6.23622460e-01
1.54548636e-04 9.99999952e-01 2.69747936e-04 -5.81674607e-05
6.70827212e-03 -2.70778624e-04 9.99977463e-01 6.27493171e-01
0.00000000e+00 0.00000000e+00 0.00000000e+00 1.00000000e+00
9.99977585e-01 -1.28675108e-04 -6.69423050e-03 6.23619130e-01
1.30510546e-04 9.99999954e-01 2.73745981e-04 -4.91202895e-05
6.69419497e-03 -2.74613513e-04 9.99977556e-01 6.27498412e-01
0.00000000e+00 0.00000000e+00 0.00000000e+00 1.00000000e+00
9.99977985e-01 -9.18738718e-05 -6.63487434e-03 6.23611933e-01
9.36938729e-05 9.99999958e-01 2.73997991e-04 -3.52642231e-05
6.63484889e-03 -2.74613606e-04 9.99977951e-01 6.27517717e-01
0.00000000e+00 0.00000000e+00 0.00000000e+00 1.00000000e+00
9.99978465e-01 -6.18289646e-05 -6.56239528e-03 6.23612850e-01
6.36297545e-05 9.99999960e-01 2.74202017e-04 -2.39501460e-05
6.56237807e-03 -2.74613676e-04 9.99978430e-01 6.27536311e-01
0.00000000e+00 0.00000000e+00 0.00000000e+00 1.00000000e+00
9.99978779e-01 -4.56833759e-05 -6.51448732e-03 6.23611345e-01
4.75338278e-05 9.99999959e-01 2.83897257e-04 -1.78939846e-05
6.51447408e-03 -2.84200891e-04 9.99978740e-01 6.27544565e-01
0.00000000e+00 0.00000000e+00 0.00000000e+00 1.00000000e+00
9.99978961e-01 -3.61797451e-05 -6.48661907e-03 6.23610493e-01
3.80224855e-05 9.99999959e-01 2.83960257e-04 -1.43150139e-05
6.48660853e-03 -2.84200920e-04 9.99978921e-01 6.27550438e-01
0.00000000e+00 0.00000000e+00 0.00000000e+00 1.00000000e+00
9.99978967e-01 -3.94115715e-05 -6.48567699e-03 6.23610557e-01
4.11917972e-05 9.99999962e-01 2.74352358e-04 -1.55079319e-05
6.48566593e-03 -2.74613744e-04 9.99978930e-01 6.27550791e-01
0.00000000e+00 0.00000000e+00 0.00000000e+00 1.00000000e+00
9.99978497e-01 -4.89412788e-05 -6.55767149e-03 6.23606717e-01
5.07033291e-05 9.99999963e-01 2.68534625e-04 -1.90871531e-05
6.55765811e-03 -2.68861346e-04 9.99978462e-01 6.27528382e-01
0.00000000e+00 0.00000000e+00 0.00000000e+00 1.00000000e+00
9.99978497e-01 -4.89412788e-05 -6.55767149e-03 6.23606717e-01
5.07033291e-05 9.99999963e-01 2.68534625e-04 -1.90871531e-05
6.55765811e-03 -2.68861346e-04 9.99978462e-01 6.27528382e-01
0.00000000e+00 0.00000000e+00 0.00000000e+00 1.00000000e+00
9.99978810e-01 -4.80410835e-05 -6.50984448e-03 6.23618533e-01
4.98436193e-05 9.99999960e-01 2.76731878e-04 -1.87633671e-05
6.50983093e-03 -2.77050488e-04 9.99978772e-01 6.27544650e-01
0.00000000e+00 0.00000000e+00 0.00000000e+00 1.00000000e+00
9.99305972e-01 -6.07185165e-05 3.72501152e-02 6.70809557e-01
5.06679792e-05 9.99999962e-01 2.70756211e-04 -1.66933064e-05
-3.72501302e-02 -2.68680911e-04 9.99305937e-01 6.40592676e-01
0.00000000e+00 0.00000000e+00 0.00000000e+00 1.00000000e+00
9.96289964e-01 -8.01048447e-05 8.60598756e-02 7.22940535e-01
5.76171110e-05 9.99999964e-01 2.63787185e-04 -1.60245747e-05
-8.60598936e-02 -2.57850004e-04 9.96289932e-01 6.46637903e-01
0.00000000e+00 0.00000000e+00 0.00000000e+00 1.00000000e+00
9.82509708e-01 -1.05731699e-04 1.86211340e-01 8.22528392e-01
6.00137823e-05 9.99999967e-01 2.51153187e-04 -1.08411733e-05
-1.86211361e-01 -2.35585198e-04 9.82509681e-01 6.32333937e-01
0.00000000e+00 0.00000000e+00 0.00000000e+00 1.00000000e+00
9.61740131e-01 -1.29986216e-04 2.73963326e-01 8.93828857e-01
6.62965389e-05 9.99999969e-01 2.41733705e-04 -7.31887423e-06
-2.73963349e-01 -2.14322185e-04 9.61740109e-01 5.93880862e-01
0.00000000e+00 0.00000000e+00 0.00000000e+00 1.00000000e+00
9.48479112e-01 -1.41627336e-04 3.16839634e-01 9.20834759e-01
7.13947346e-05 9.99999970e-01 2.33275480e-04 -5.95901565e-06
-3.16839657e-01 -1.98636239e-04 9.48479094e-01 5.68129485e-01
0.00000000e+00 0.00000000e+00 0.00000000e+00 1.00000000e+00
9.36032937e-01 -1.51938702e-04 3.51912373e-01 9.38409657e-01
7.63926035e-05 9.99999971e-01 2.28558898e-04 -5.02657972e-06
-3.51912398e-01 -1.87055154e-04 9.36032921e-01 5.44423681e-01
0.00000000e+00 0.00000000e+00 0.00000000e+00 1.00000000e+00
9.36047622e-01 -1.45387993e-04 3.51873313e-01 9.38397763e-01
7.34271354e-05 9.99999974e-01 2.17853105e-04 -4.83231130e-06
-3.51873336e-01 -1.78083831e-04 9.36047608e-01 5.44426989e-01
0.00000000e+00 0.00000000e+00 0.00000000e+00 1.00000000e+00
9.36038101e-01 -1.44741670e-04 3.51898639e-01 9.38403981e-01
7.34268925e-05 9.99999974e-01 2.16003385e-04 -4.83185978e-06
-3.51898661e-01 -1.76348574e-04 9.36038088e-01 5.44435663e-01
0.00000000e+00 0.00000000e+00 0.00000000e+00 1.00000000e+00
9.36037678e-01 -1.45394163e-04 3.51899765e-01 9.38405148e-01
7.34275709e-05 9.99999974e-01 2.17855180e-04 -4.83181946e-06
-3.51899787e-01 -1.78081512e-04 9.36037664e-01 5.44437452e-01
0.00000000e+00 0.00000000e+00 0.00000000e+00 1.00000000e+00
9.36040058e-01 -1.45394153e-04 3.51893433e-01 9.38405468e-01
7.34290332e-05 9.99999974e-01 2.17854683e-04 -4.83188619e-06
-3.51893455e-01 -1.78081516e-04 9.36040044e-01 5.44437734e-01
0.00000000e+00 0.00000000e+00 0.00000000e+00 1.00000000e+00
9.36040363e-01 -1.45393998e-04 3.51892623e-01 9.38405298e-01
7.34290571e-05 9.99999974e-01 2.17854619e-04 -4.83189957e-06
-3.51892645e-01 -1.78081574e-04 9.36040349e-01 5.44437453e-01
0.00000000e+00 0.00000000e+00 0.00000000e+00 1.00000000e+00
9.36038716e-01 -1.45394832e-04 3.51897003e-01 9.38406439e-01
7.34289279e-05 9.99999974e-01 2.17854963e-04 -4.83181005e-06
-3.51897026e-01 -1.78081260e-04 9.36038702e-01 5.44437969e-01
0.00000000e+00 0.00000000e+00 0.00000000e+00 1.00000000e+00
9.36039723e-01 -1.45292134e-04 3.51894325e-01 9.38405875e-01
7.34290069e-05 9.99999974e-01 2.17564357e-04 -4.83185430e-06
-3.51894348e-01 -1.77809629e-04 9.36039709e-01 5.44437038e-01
0.00000000e+00 0.00000000e+00 0.00000000e+00 1.00000000e+00
9.36039958e-01 -1.42612486e-04 3.51893700e-01 9.38405705e-01
7.34290254e-05 9.99999975e-01 2.09949712e-04 -4.83186766e-06
-3.51893721e-01 -1.70682108e-04 9.36039946e-01 5.44436997e-01
0.00000000e+00 0.00000000e+00 0.00000000e+00 1.00000000e+00
