-1.77475446e-02 -1.80707085e-04 -9.99842484e-01 2.97759631e-01
3.18867150e-05 9.99999983e-01 -1.81301551e-04 2.75643048e-05
9.99842499e-01 -3.50993497e-05 -1.77475385e-02 7.06126936e-01
0.00000000e+00 0.00000000e+00 0.00000000e+00 1.00000000e+00
-6.71717712e-02 9.96645792e-01 4.67452543e-02 -6.15880008e-02
9.93887092e-01 7.09529578e-02 -8.45820717e-02 2.52227458e-02
-8.76150798e-02 4.07779773e-02 -9.95319423e-01 3.55574826e-01
0.00000000e+00 0.00000000e+00 0.00000000e+00 1.00000000e+00
9.99907145e-01 -6.32579512e-07 1.36272370e-02 -3.71062117e-01
-2.68955185e-10 9.99999999e-01 4.64399672e-05 1.93647734e-11
-1.36272371e-02 -4.64356587e-05 9.99907144e-01 6.35087808e-01
0.00000000e+00 0.00000000e+00 0.00000000e+00 1.00000000e+00
-1.77522193e-02 -1.77286116e-04 -9.99842401e-01 2.97758947e-01
3.18632248e-05 9.99999984e-01 -1.77879790e-04 2.79516239e-05
9.99842416e-01 -3.50159643e-05 -1.77522133e-02 7.06128337e-01
0.00000000e+00 0.00000000e+00 0.00000000e+00 1.00000000e+00
-6.71675893e-02 9.96675380e-01 4.61161705e-02 -6.15990180e-02
9.93960163e-01 7.08618535e-02 -8.37961336e-02 2.52251935e-02
-8.67854206e-02 4.02092520e-02 -9.95415243e-01 3.55558578e-01
0.00000000e+00 0.00000000e+00 0.00000000e+00 1.00000000e+00
9.99907133e-01 -6.32620223e-07 1.36281137e-02 -3.71062051e-01
-2.68955185e-10 9.99999999e-01 4.64399672e-05 1.93647734e-11
-1.36281137e-02 -4.64356582e-05 9.99907132e-01 6.35088135e-01
0.00000000e+00 0.00000000e+00 0.00000000e+00 1.00000000e+00
-7.13259510e-02 -1.72949190e-04 -9.97453046e-01 2.45856209e-01
2.73593761e-05 9.99999984e-01 -1.75347222e-04 2.31785010e-05
9.97453061e-01 -3.97965004e-05 -7.13259451e-02 7.18113075e-01
0.00000000e+00 0.00000000e+00 0.00000000e+00 1.00000000e+00
-6.35663984e-02 9.96603610e-01 5.23503417e-02 -6.26410691e-02
9.81752001e-01 7.18674715e-02 -1.76062702e-01 5.99620860e-02
-1.79227011e-01 4.02033808e-02 -9.82985944e-01 4.03996814e-01
0.00000000e+00 0.00000000e+00 0.00000000e+00 1.00000000e+00
9.99907229e-01 -6.35036557e-07 1.36210912e-02 -3.71061240e-01
-4.29194792e-10 9.99999999e-01 4.66530693e-05 3.09020250e-11
-1.36210912e-02 -4.66487471e-05 9.99907228e-01 6.35088340e-01
0.00000000e+00 0.00000000e+00 0.00000000e+00 1.00000000e+00
-1.35982537e-01 -1.70308676e-04 -9.90711220e-01 1.83491292e-01
4.44744859e-05 9.99999983e-01 -1.78009922e-04 2.01469486e-05
9.90711233e-01 -6.82676130e-05 -1.35982527e-01 7.22624186e-01
0.00000000e+00 0.00000000e+00 0.00000000e+00 1.00000000e+00
-6.00694290e-02 9.97114826e-01 4.64078454e-02 -6.40033064e-02
9.63293171e-01 7.00928051e-02 -2.59139469e-01 1.01732362e-01
-2.61644663e-01 2.91380006e-02 -9.64724337e-01 4.61790459e-01
0.00000000e+00 0.00000000e+00 0.00000000e+00 1.00000000e+00
9.99907257e-01 -6.84025949e-07 1.36190439e-02 -3.71059896e-01
-6.70565418e-10 9.99999999e-01 5.02749281e-05 4.82807101e-11
-1.36190439e-02 -5.02702745e-05 9.99907255e-01 6.35087565e-01
0.00000000e+00 0.00000000e+00 0.00000000e+00 1.00000000e+00
-1.46326402e-01 2.04324753e-05 -9.89236364e-01 -5.50110765e-01
-3.46355546e-05 9.99999999e-01 2.57780368e-05 6.50915004e-07
9.89236364e-01 3.80347574e-05 -1.46326401e-01 5.05547446e-01
0.00000000e+00 0.00000000e+00 0.00000000e+00 1.00000000e+00
-6.18641336e-02 9.96461093e-01 5.69044805e-02 -8.29652222e-02
9.91161082e-01 6.80388301e-02 -1.13887787e-01 -4.23582980e-03
-1.17356463e-01 4.93559371e-02 -9.91862618e-01 1.22913232e+00
0.00000000e+00 0.00000000e+00 0.00000000e+00 1.00000000e+00
9.99908565e-01 -1.09151396e-06 1.35226607e-02 -3.71086895e-01
-1.74271572e-10 9.99999997e-01 8.07302818e-05 1.25475532e-11
-1.35226607e-02 -8.07229026e-05 9.99908561e-01 6.35047583e-01
0.00000000e+00 0.00000000e+00 0.00000000e+00 1.00000000e+00
-1.08796988e-01 2.85205099e-05 -9.94063989e-01 -5.70135295e-01
-3.16211455e-05 9.99999999e-01 3.21516478e-05 7.68346556e-06
9.94063989e-01 3.49314445e-05 -1.08796987e-01 4.55932560e-01
0.00000000e+00 0.00000000e+00 0.00000000e+00 1.00000000e+00
-6.39322669e-02 9.95210535e-01 7.39503637e-02 -8.29978655e-02
9.96905813e-01 6.70853331e-02 -4.09677742e-02 -1.01248628e-01
-4.57325452e-02 7.11023847e-02 -9.96420085e-01 1.24779518e+00
0.00000000e+00 0.00000000e+00 0.00000000e+00 1.00000000e+00
9.99908273e-01 -1.06455318e-06 1.35442098e-02 -3.71092166e-01
-4.32676909e-11 9.99999997e-01 7.86015914e-05 3.11527375e-12
-1.35442098e-02 -7.85943821e-05 9.99908270e-01 6.35044534e-01
0.00000000e+00 0.00000000e+00 0.00000000e+00 1.00000000e+00
-7.93026830e-02 2.80335345e-05 -9.96850582e-01 -5.79368487e-01
-3.22949302e-05 9.99999999e-01 3.06912687e-05 1.14724041e-05
9.96850582e-01 3.46271199e-05 -7.93026820e-02 4.15001772e-01
0.00000000e+00 0.00000000e+00 0.00000000e+00 1.00000000e+00
-6.29606816e-02 9.96117048e-01 6.15368100e-02 -8.30426041e-02
9.98010259e-01 6.26312267e-02 7.27001353e-03 -1.85229175e-01
3.38765851e-03 6.18720927e-02 -9.98078338e-01 1.25872070e+00
0.00000000e+00 0.00000000e+00 0.00000000e+00 1.00000000e+00
9.99908032e-01 -1.20133953e-06 1.35620071e-02 -3.71095207e-01
-5.85939169e-10 9.99999996e-01 8.86244496e-05 4.21876201e-11
-1.35620071e-02 -8.86163069e-05 9.99908028e-01 6.35043835e-01
0.00000000e+00 0.00000000e+00 0.00000000e+00 1.00000000e+00
-7.93314084e-02 2.81709675e-05 -9.96848297e-01 -5.79366342e-01
-3.22816855e-05 9.99999999e-01 3.08290832e-05 1.15506868e-05
9.96848297e-01 3.46256578e-05 -7.93314074e-02 4.15022237e-01
0.00000000e+00 0.00000000e+00 0.00000000e+00 1.00000000e+00
-6.39734742e-02 9.96332770e-01 5.68190704e-02 -8.30093713e-02
9.97917872e-01 6.33994499e-02 1.18503140e-02 -1.85358943e-01
8.20455841e-03 5.74588716e-02 -9.98314161e-01 1.25935094e+00
0.00000000e+00 0.00000000e+00 0.00000000e+00 1.00000000e+00
9.99908019e-01 -1.14940852e-06 1.35629347e-02 -3.71095138e-01
-5.85939169e-10 9.99999996e-01 8.47894961e-05 4.21876201e-11
-1.35629347e-02 -8.47817050e-05 9.99908016e-01 6.35044181e-01
0.00000000e+00 0.00000000e+00 0.00000000e+00 1.00000000e+00
-7.93602934e-02 2.80361126e-05 -9.96845998e-01 -5.79368258e-01
-3.22910968e-05 9.99999999e-01 3.06955574e-05 1.14725748e-05
9.96845998e-01 3.46252591e-05 -7.93602924e-02 4.15022876e-01
0.00000000e+00 0.00000000e+00 0.00000000e+00 1.00000000e+00
-6.43778161e-02 9.96568651e-01 5.20232727e-02 -8.30368996e-02
9.97863766e-01 6.37059838e-02 1.44724420e-02 -1.85450941e-01
1.11085883e-02 5.28438430e-02 -9.98540999e-01 1.26052628e+00
0.00000000e+00 0.00000000e+00 0.00000000e+00 1.00000000e+00
9.99907957e-01 -1.14975283e-06 1.35675149e-02 -3.71094851e-01
-6.29981918e-10 9.99999996e-01 8.47894961e-05 4.53586981e-11
-1.35675150e-02 -8.47817004e-05 9.99907953e-01 6.35044757e-01
0.00000000e+00 0.00000000e+00 0.00000000e+00 1.00000000e+00
-7.93599452e-02 3.31465775e-05 -9.96846025e-01 -5.79368459e-01
-3.22911816e-05 9.99999999e-01 3.58221861e-05 1.14725742e-05
9.96846025e-01 3.50321828e-05 -7.93599441e-02 4.15021764e-01
0.00000000e+00 0.00000000e+00 0.00000000e+00 1.00000000e+00
-6.23795069e-02 9.96132721e-01 6.18740598e-02 -8.31122828e-02
9.97949959e-01 6.13644602e-02 1.81736844e-02 -1.84990959e-01
1.43065334e-02 6.28808809e-02 -9.97918493e-01 1.25690267e+00
0.00000000e+00 0.00000000e+00 0.00000000e+00 1.00000000e+00
9.99908093e-01 -1.16899994e-06 1.35574976e-02 -3.71093780e-01
-4.75832188e-10 9.99999996e-01 8.62604408e-05 3.42599175e-11
-1.35574977e-02 -8.62525193e-05 9.99908089e-01 6.35044975e-01
0.00000000e+00 0.00000000e+00 0.00000000e+00 1.00000000e+00
-7.93582410e-02 6.35365329e-05 -9.96846159e-01 -5.79367982e-01
-2.66911837e-05 9.99999997e-01 6.58624177e-05 3.29719807e-05
9.96846161e-01 3.18337296e-05 -7.93582391e-02 4.15023513e-01
0.00000000e+00 0.00000000e+00 0.00000000e+00 1.00000000e+00
-6.25696059e-02 9.96225631e-01 6.01625887e-02 -8.31162626e-02
9.98033821e-01 6.22331783e-02 7.45140189e-03 -1.85038768e-01
3.67916844e-03 6.05105296e-02 -9.98160778e-01 1.25745235e+00
0.00000000e+00 0.00000000e+00 0.00000000e+00 1.00000000e+00
9.99908056e-01 -1.14923469e-06 1.35602413e-02 -3.71094465e-01
-5.31395415e-10 9.99999996e-01 8.47894961e-05 3.82604699e-11
-1.35602414e-02 -8.47817074e-05 9.99908052e-01 6.35044574e-01
0.00000000e+00 0.00000000e+00 0.00000000e+00 1.00000000e+00
-5.41987985e-02 9.97005451e-02 -9.93540282e-01 -5.66966611e-01
6.81883364e-02 9.93049590e-01 9.59315503e-02 8.11397082e-02
9.96199197e-01 -6.25484842e-02 -6.06205090e-02 4.37460745e-01
0.00000000e+00 0.00000000e+00 0.00000000e+00 1.00000000e+00
-1.24010407e-01 9.77273387e-01 1.71924827e-01 -1.08058554e-01
9.92222340e-01 1.24010243e-01 1.07837019e-02 -1.94268850e-01
-1.07818147e-02 1.71924945e-01 -9.85051047e-01 1.23200029e+00
0.00000000e+00 0.00000000e+00 0.00000000e+00 1.00000000e+00
9.99908027e-01 -1.20142213e-06 1.35623364e-02 -3.71093775e-01
-5.32519858e-10 9.99999996e-01 8.86244496e-05 3.83414298e-11
-1.35623364e-02 -8.86163058e-05 9.99908023e-01 6.35045323e-01
0.00000000e+00 0.00000000e+00 0.00000000e+00 1.00000000e+00
-1.06210461e-02 1.98484315e-01 -9.80046514e-01 -5.38053724e-01
1.30866224e-01 9.71947913e-01 1.95425908e-01 1.67530945e-01
9.91343142e-01 -1.26179359e-01 -3.62979965e-02 4.61871733e-01
0.00000000e+00 0.00000000e+00 0.00000000e+00 1.00000000e+00
-1.85032384e-01 9.45942619e-01 2.66374881e-01 -1.27131636e-01
9.82613020e-01 1.82309074e-01 3.51433552e-02 -2.10630129e-01
-1.53189605e-02 2.68246085e-01 -9.63228616e-01 1.19482130e+00
0.00000000e+00 0.00000000e+00 0.00000000e+00 1.00000000e+00
9.99908093e-01 -1.33064145e-06 1.35574976e-02 -3.71093780e-01
-8.65270433e-10 9.99999995e-01 9.82118289e-05 6.22994711e-11
-1.35574977e-02 -9.82028142e-05 9.99908088e-01 6.35044975e-01
0.00000000e+00 0.00000000e+00 0.00000000e+00 1.00000000e+00
1.26048610e-01 3.77782012e-01 -9.17274495e-01 -4.14829897e-01
2.05701153e-01 8.94599483e-01 3.96709970e-01 3.36835874e-01
9.70463180e-01 -2.38689162e-01 3.50528256e-02 5.16289801e-01
0.00000000e+00 0.00000000e+00 0.00000000e+00 1.00000000e+00
-2.91243582e-01 8.53248017e-01 4.32602585e-01 -1.40090976e-01
9.56611924e-01 2.55776537e-01 1.39542070e-01 -2.60150066e-01
8.41440377e-03 4.54473524e-01 -8.90720503e-01 1.07523980e+00
0.00000000e+00 0.00000000e+00 0.00000000e+00 1.00000000e+00
9.99908039e-01 -1.44906891e-06 1.35614586e-02 -3.71092413e-01
-1.02104573e-09 9.99999994e-01 1.06927278e-04 7.35152926e-11
-1.35614587e-02 -1.06917459e-04 9.99908033e-01 6.35046445e-01
0.00000000e+00 0.00000000e+00 0.00000000e+00 1.00000000e+00
2.75735791e-01 5.36651931e-01 -7.97480080e-01 -1.83648012e-01
1.46550112e-01 7.96473503e-01 5.86645569e-01 4.44554129e-01
9.49996231e-01 -2.78629975e-01 1.40969851e-01 5.78399112e-01
0.00000000e+00 0.00000000e+00 0.00000000e+00 1.00000000e+00
-3.32840860e-01 7.39051620e-01 5.85678807e-01 -1.31246637e-01
9.39165885e-01 2.03976730e-01 2.76334821e-01 -2.98926362e-01
8.47608492e-02 6.42025074e-01 -7.61983860e-01 8.51862415e-01
0.00000000e+00 0.00000000e+00 0.00000000e+00 1.00000000e+00
9.99908360e-01 -1.89993918e-06 1.35377939e-02 -3.71092171e-01
-7.17022690e-10 9.99999990e-01 1.40396296e-04 5.16256337e-11
-1.35377941e-02 -1.40383439e-04 9.99908350e-01 6.35044972e-01
0.00000000e+00 0.00000000e+00 0.00000000e+00 1.00000000e+00
2.93179870e-01 6.55686552e-01 -6.95787834e-01 1.05828313e-03
1.45290757e-02 7.24628249e-01 6.88986797e-01 4.25777745e-01
9.55946897e-01 -2.12106214e-01 2.02919896e-01 6.18587224e-01
0.00000000e+00 0.00000000e+00 0.00000000e+00 1.00000000e+00
-2.71085375e-01 6.64103432e-01 6.96763482e-01 -1.59165735e-01
9.51366222e-01 7.48071240e-02 2.98841438e-01 -2.72864974e-01
1.46338753e-01 7.43888785e-01 -6.52084691e-01 6.51305397e-01
0.00000000e+00 0.00000000e+00 0.00000000e+00 1.00000000e+00
9.99909068e-01 -2.20587217e-06 1.34854181e-02 -3.71091124e-01
2.27408921e-09 9.99999987e-01 1.63406002e-04 -1.63734423e-10
-1.34854183e-02 -1.63391112e-04 9.99909054e-01 6.35042155e-01
0.00000000e+00 0.00000000e+00 0.00000000e+00 1.00000000e+00
2.52335079e-01 7.20397223e-01 -6.46030069e-01 7.88247550e-02
-5.98022152e-02 6.77968741e-01 7.32654135e-01 3.85278767e-01
9.65790196e-01 -1.46240310e-01 2.14156646e-01 6.34963606e-01
0.00000000e+00 0.00000000e+00 0.00000000e+00 1.00000000e+00
-1.98371697e-01 6.21323159e-01 7.58027837e-01 -1.98548211e-01
9.66507666e-01 -4.47624312e-03 2.56598703e-01 -2.31831121e-01
1.62823834e-01 7.83541636e-01 -5.99625636e-01 5.47579686e-01
0.00000000e+00 0.00000000e+00 0.00000000e+00 1.00000000e+00
9.99909661e-01 -2.35364831e-06 1.34413225e-02 -3.71091448e-01
5.36497354e-09 9.99999985e-01 1.74706304e-04 -3.86278095e-10
-1.34413227e-02 -1.74690449e-04 9.99909646e-01 6.35037837e-01
0.00000000e+00 0.00000000e+00 0.00000000e+00 1.00000000e+00
2.02339735e-01 7.65321934e-01 -6.11016341e-01 1.22978493e-01
-1.06808749e-01 6.37445957e-01 7.63056055e-01 3.47753103e-01
9.73473432e-01 -8.91346690e-02 2.10723724e-01 6.44406748e-01
0.00000000e+00 0.00000000e+00 0.00000000e+00 1.00000000e+00
-1.47540592e-01 5.83431562e-01 7.98648475e-01 -2.30687969e-01
9.74122557e-01 -5.40710103e-02 2.19457444e-01 -1.94425650e-01
1.71222129e-01 8.10360376e-01 -5.60356176e-01 4.82883409e-01
0.00000000e+00 0.00000000e+00 0.00000000e+00 1.00000000e+00
9.99909856e-01 -2.40637279e-06 1.34268643e-02 -3.71091263e-01
6.37741594e-09 9.99999984e-01 1.78745823e-04 -4.59173948e-10
-1.34268645e-02 -1.78729624e-04 9.99909840e-01 6.35036969e-01
0.00000000e+00 0.00000000e+00 0.00000000e+00 1.00000000e+00
1.90516998e-01 7.73884006e-01 -6.03992400e-01 1.30516770e-01
-1.15063106e-01 6.28624330e-01 7.69150137e-01 3.39730285e-01
9.74917307e-01 -7.70389338e-02 2.08809117e-01 6.46040565e-01
0.00000000e+00 0.00000000e+00 0.00000000e+00 1.00000000e+00
-1.28223410e-01 5.74646588e-01 8.08294536e-01 -2.40308684e-01
9.77378663e-01 -6.50038685e-02 2.01259651e-01 -1.83795923e-01
1.68195443e-01 8.15816031e-01 -5.53312296e-01 4.68175617e-01
0.00000000e+00 0.00000000e+00 0.00000000e+00 1.00000000e+00
9.99909835e-01 -2.49453116e-06 1.34283933e-02 -3.71090735e-01
6.63231837e-09 9.99999983e-01 1.85271562e-04 -4.77526923e-10
-1.34283935e-02 -1.85254768e-04 9.99909818e-01 6.35037537e-01
0.00000000e+00 0.00000000e+00 0.00000000e+00 1.00000000e+00
1.89398008e-01 7.70862089e-01 -6.08194076e-01 1.29514389e-01
-1.21104939e-01 6.33014928e-01 7.64608197e-01 3.37422483e-01
9.74403401e-01 -7.11599627e-02 2.13246973e-01 6.48654969e-01
0.00000000e+00 0.00000000e+00 0.00000000e+00 1.00000000e+00
-1.28220715e-01 5.74646821e-01 8.08294797e-01 -2.40360990e-01
9.77406976e-01 -6.48696655e-02 2.01165428e-01 -1.83829441e-01
1.68032887e-01 8.15826549e-01 -5.53346177e-01 4.68289504e-01
0.00000000e+00 0.00000000e+00 0.00000000e+00 1.00000000e+00
9.99909810e-01 -2.53628293e-06 1.34302463e-02 -3.71090096e-01
6.92235071e-09 9.99999982e-01 1.88333192e-04 -4.98409251e-10
-1.34302466e-02 -1.88316113e-04 9.99909792e-01 6.35038225e-01
0.00000000e+00 0.00000000e+00 0.00000000e+00 1.00000000e+00
1.76516629e-01 6.73828087e-01 -7.17493964e-01 1.03609031e-01
-2.79520073e-01 7.33245743e-01 6.19854184e-01 2.71585970e-01
9.43774554e-01 9.11393940e-02 3.17778542e-01 7.09989938e-01
0.00000000e+00 0.00000000e+00 0.00000000e+00 1.00000000e+00
3.07436570e-02 6.92431963e-01 7.20827861e-01 -2.32262704e-01
9.63882271e-01 -2.11412616e-01 1.61974298e-01 -1.45088070e-01
2.64548285e-01 6.89813513e-01 -6.73922490e-01 4.83240264e-01
0.00000000e+00 0.00000000e+00 0.00000000e+00 1.00000000e+00
9.99909682e-01 -2.46021730e-06 1.34397529e-02 -3.71086815e-01
6.37741594e-09 9.99999983e-01 1.82580769e-04 -4.59173948e-10
-1.34397531e-02 -1.82564193e-04 9.99909666e-01 6.35041753e-01
0.00000000e+00 0.00000000e+00 0.00000000e+00 1.00000000e+00
1.72423744e-01 5.44479758e-01 -8.20860430e-01 7.55874089e-02
-4.34583463e-01 7.89900940e-01 4.32658893e-01 1.88847447e-01
8.83972435e-01 2.82131703e-01 3.72819576e-01 7.60695926e-01
0.00000000e+00 0.00000000e+00 0.00000000e+00 1.00000000e+00
2.10052087e-01 7.69380085e-01 6.03268104e-01 -2.15079126e-01
9.23030760e-01 -3.59479191e-01 1.37072709e-01 -1.00032069e-01
3.22323342e-01 5.28042608e-01 -7.85670839e-01 5.16150762e-01
0.00000000e+00 0.00000000e+00 0.00000000e+00 1.00000000e+00
9.99909429e-01 -2.41204182e-06 1.34585799e-02 -3.71081343e-01
6.37741594e-09 9.99999984e-01 1.78745823e-04 -4.59173948e-10
-1.34585801e-02 -1.78729548e-04 9.99909413e-01 6.35048747e-01
0.00000000e+00 0.00000000e+00 0.00000000e+00 1.00000000e+00
2.56712868e-01 -5.18100606e-01 -8.15886184e-01 -2.65508919e-02
-9.49850067e-01 2.07161316e-02 -3.12018735e-01 -4.13829140e-01
1.78559101e-01 8.55068772e-01 -4.86799798e-01 6.22951414e-01
0.00000000e+00 0.00000000e+00 0.00000000e+00 1.00000000e+00
8.63575763e-01 1.15858251e-01 -4.90727794e-01 3.01327467e-01
2.58145641e-01 -9.37609065e-01 2.32916444e-01 2.80194834e-01
-4.33125536e-01 -3.27820237e-01 -8.39604766e-01 7.56570037e-01
0.00000000e+00 0.00000000e+00 0.00000000e+00 1.00000000e+00
9.99907443e-01 -1.44511753e-06 1.36053406e-02 -3.71042665e-01
4.56096475e-09 9.99999994e-01 1.05881728e-04 -3.28389462e-10
-1.36053407e-02 -1.05871866e-04 9.99907437e-01 6.35103296e-01
0.00000000e+00 0.00000000e+00 0.00000000e+00 1.00000000e+00
3.57657302e-01 1.14599262e-01 -9.26794618e-01 -8.63565821e-03
-7.75493784e-01 -5.16473403e-01 -3.63131678e-01 -5.14614332e-01
-5.20279392e-01 8.48600161e-01 -9.58494683e-02 3.71711336e-01
0.00000000e+00 0.00000000e+00 0.00000000e+00 1.00000000e+00
8.84365882e-01 -4.43987421e-01 1.44125488e-01 -4.03103432e-02
-4.65455250e-01 -8.15373476e-01 3.44263715e-01 3.91052072e-01
-3.53326587e-02 -3.71539050e-01 -9.27744759e-01 8.58147281e-01
0.00000000e+00 0.00000000e+00 0.00000000e+00 1.00000000e+00
9.99907107e-01 -6.06124874e-07 1.36300065e-02 -3.71044959e-01
-7.17151024e-10 9.99999999e-01 4.45224996e-05 5.16348738e-11
-1.36300065e-02 -4.45183735e-05 9.99907106e-01 6.35080215e-01
0.00000000e+00 0.00000000e+00 0.00000000e+00 1.00000000e+00
3.57657277e-01 1.14594873e-01 -9.26795170e-01 -8.63566446e-03
-7.75494112e-01 -5.16474602e-01 -3.63129270e-01 -5.14614416e-01
-5.20278919e-01 8.48600024e-01 -9.58532506e-02 3.71711558e-01
0.00000000e+00 0.00000000e+00 0.00000000e+00 1.00000000e+00
8.84371354e-01 -4.44248214e-01 1.43285841e-01 -4.02625994e-02
-4.65368292e-01 -8.15232959e-01 3.44713759e-01 3.90806601e-01
-3.63271320e-02 -3.71535661e-01 -9.27707708e-01 8.57481850e-01
0.00000000e+00 0.00000000e+00 0.00000000e+00 1.00000000e+00
9.99907107e-01 -5.13000953e-07 1.36300065e-02 -3.71044959e-01
-6.32205123e-10 9.99999999e-01 3.76839952e-05 4.55187688e-11
-1.36300065e-02 -3.76805033e-05 9.99907106e-01 6.35080215e-01
0.00000000e+00 0.00000000e+00 0.00000000e+00 1.00000000e+00
3.99662752e-01 2.15547845e-02 -9.16408793e-01 -8.22906225e-02
-8.65057585e-03 9.99767668e-01 1.97427870e-02 1.78462243e-03
9.16621433e-01 3.70071784e-05 3.99756359e-01 9.16155840e-01
0.00000000e+00 0.00000000e+00 0.00000000e+00 1.00000000e+00
-7.36774360e-02 9.94843254e-01 6.97031883e-02 -8.75566761e-02
9.23002571e-01 4.15542488e-02 3.82543459e-01 -1.04881570e-01
3.77674316e-01 9.25210433e-02 -9.21304492e-01 7.63523113e-01
0.00000000e+00 0.00000000e+00 0.00000000e+00 1.00000000e+00
9.99908240e-01 -1.09890662e-07 1.35466281e-02 -3.71072976e-01
-1.60649504e-09 1.00000000e+00 8.23060974e-06 1.15667643e-10
-1.35466281e-02 -8.22987626e-06 9.99908240e-01 6.35061781e-01
0.00000000e+00 0.00000000e+00 0.00000000e+00 1.00000000e+00
3.95429623e-01 2.13829322e-02 -9.18247343e-01 -7.69801776e-02
-8.49119207e-03 9.99771358e-01 1.96247497e-02 1.65649352e-03
9.18457028e-01 3.68071832e-05 3.95520778e-01 9.18336656e-01
0.00000000e+00 0.00000000e+00 0.00000000e+00 1.00000000e+00
-7.42061240e-02 9.94463389e-01 7.44044302e-02 -8.73894914e-02
9.26370004e-01 4.11156571e-02 3.74363619e-01 -1.01509822e-01
3.69231726e-01 9.67061054e-02 -9.24292087e-01 7.61223044e-01
0.00000000e+00 0.00000000e+00 0.00000000e+00 1.00000000e+00
9.99908286e-01 -1.31602035e-07 1.35432505e-02 -3.71072824e-01
-1.85440054e-09 1.00000000e+00 9.85407943e-06 1.33516839e-10
-1.35432505e-02 -9.85320079e-06 9.99908286e-01 6.35062177e-01
0.00000000e+00 0.00000000e+00 0.00000000e+00 1.00000000e+00
3.58629781e-01 1.92163920e-02 -9.33282064e-01 -3.07104698e-02
-6.92790328e-03 9.99815347e-01 1.79241537e-02 5.94723578e-04
9.33454168e-01 3.75525284e-05 3.58696689e-01 9.32330596e-01
0.00000000e+00 0.00000000e+00 0.00000000e+00 1.00000000e+00
-7.42185637e-02 9.94662866e-01 7.16755682e-02 -8.51988571e-02
9.39150502e-01 4.55418249e-02 3.40473607e-01 -3.83748381e-02
3.35392218e-01 9.25836079e-02 -9.37518179e-01 7.27449316e-01
0.00000000e+00 0.00000000e+00 0.00000000e+00 1.00000000e+00
9.99908180e-01 -1.06830726e-07 1.35510959e-02 -3.71071141e-01
-2.04797306e-09 1.00000000e+00 8.03466467e-06 1.47454060e-10
-1.35510959e-02 -8.03395468e-06 9.99908180e-01 6.35065096e-01
0.00000000e+00 0.00000000e+00 0.00000000e+00 1.00000000e+00
3.01029053e-01 1.60108716e-02 -9.53480551e-01 4.28315780e-02
-4.85495494e-03 9.99871817e-01 1.52570881e-02 -6.90788885e-04
9.53602611e-01 3.62783205e-05 3.01068198e-01 9.37834857e-01
0.00000000e+00 0.00000000e+00 0.00000000e+00 1.00000000e+00
-7.30312207e-02 9.94967486e-01 6.86013284e-02 -8.17018556e-02
9.58304250e-01 5.09539084e-02 2.81170168e-01 3.41558337e-02
2.76259670e-01 8.62751452e-02 -9.57202797e-01 6.65169342e-01
0.00000000e+00 0.00000000e+00 0.00000000e+00 1.00000000e+00
9.99907905e-01 -5.57049337e-08 1.35713343e-02 -3.71067489e-01
-2.04797306e-09 1.00000000e+00 4.25549300e-06 1.47454060e-10
-1.35713343e-02 -4.25512889e-06 9.99907905e-01 6.35072631e-01
0.00000000e+00 0.00000000e+00 0.00000000e+00 1.00000000e+00
1.91217790e-01 1.00593566e-02 -9.81496086e-01 1.71685427e-01
-1.95180479e-03 9.99949403e-01 9.86822873e-03 -1.74677376e-03
9.81545693e-01 2.87078696e-05 1.91227749e-01 8.96882672e-01
0.00000000e+00 0.00000000e+00 0.00000000e+00 1.00000000e+00
-7.06937187e-02 9.95615860e-01 6.12491368e-02 -7.40654497e-02
9.87253295e-01 6.10579499e-02 1.46979106e-01 1.04069608e-01
1.42594983e-01 7.08589117e-02 -9.87241453e-01 5.20637521e-01
0.00000000e+00 0.00000000e+00 0.00000000e+00 1.00000000e+00
9.99907173e-01 1.28367768e-07 1.36251919e-02 -3.71058035e-01
-3.46812723e-09 1.00000000e+00 -9.16684067e-06 2.49705161e-10
-1.36251919e-02 9.16594249e-06 9.99907173e-01 6.35096651e-01
0.00000000e+00 0.00000000e+00 0.00000000e+00 1.00000000e+00
8.41834283e-02 4.37942429e-03 -9.96440651e-01 2.63293234e-01
-3.70513855e-04 9.99990410e-01 4.36372318e-03 -1.18214236e-03
9.96450206e-01 1.84188960e-06 8.41842436e-02 8.04139864e-01
0.00000000e+00 0.00000000e+00 0.00000000e+00 1.00000000e+00
-6.81083863e-02 9.96406287e-01 5.03563206e-02 -6.68333743e-02
9.97128728e-01 6.63096170e-02 3.65695772e-02 8.33909032e-02
3.30990483e-02 5.27024288e-02 -9.98061575e-01 4.01335496e-01
0.00000000e+00 0.00000000e+00 0.00000000e+00 1.00000000e+00
9.99906795e-01 1.04154668e-07 1.36528904e-02 -3.71048882e-01
-5.81151942e-09 1.00000000e+00 -7.20314070e-06 4.18429398e-10
-1.36528904e-02 7.20238999e-06 9.99906795e-01 6.35115450e-01
0.00000000e+00 0.00000000e+00 0.00000000e+00 1.00000000e+00
3.43172105e-02 1.76654980e-03 -9.99409430e-01 2.89587091e-01
-4.26686205e-05 9.99998439e-01 1.76612580e-03 -5.39781931e-04
9.99410990e-01 -1.79650891e-05 3.43172323e-02 7.48427005e-01
0.00000000e+00 0.00000000e+00 0.00000000e+00 1.00000000e+00
-6.54886643e-02 9.96941938e-01 4.26380970e-02 -6.38084114e-02
9.97201058e-01 6.69308062e-02 -3.33214302e-02 4.90569503e-02
-3.60733334e-02 4.03365794e-02 -9.98534764e-01 3.67123847e-01
0.00000000e+00 0.00000000e+00 0.00000000e+00 1.00000000e+00
9.99906504e-01 3.16714151e-07 1.36741957e-02 -3.71042328e-01
-7.82614332e-09 1.00000000e+00 -2.25891705e-05 5.63482319e-10
-1.36741957e-02 2.25869515e-05 9.99906504e-01 6.35127867e-01
0.00000000e+00 0.00000000e+00 0.00000000e+00 1.00000000e+00
-2.56788244e-03 -1.79085264e-04 -9.99996687e-01 3.01352788e-01
3.31840782e-05 9.99999983e-01 -1.79171067e-04 2.61455770e-05
9.99996702e-01 -3.36440585e-05 -2.56787646e-03 7.03945773e-01
0.00000000e+00 0.00000000e+00 0.00000000e+00 1.00000000e+00
-6.64668209e-02 9.96993213e-01 3.98333515e-02 -6.17071261e-02
9.95771514e-01 6.88167481e-02 -6.08551334e-02 1.72768405e-02
-6.34133567e-02 3.56200695e-02 -9.97351471e-01 3.52614914e-01
0.00000000e+00 0.00000000e+00 0.00000000e+00 1.00000000e+00
9.99906500e-01 2.13691528e-07 1.36744606e-02 -3.71040253e-01
-8.96326389e-09 1.00000000e+00 -1.49716400e-05 6.45355000e-10
-1.36744607e-02 1.49701176e-05 9.99906500e-01 6.35131935e-01
0.00000000e+00 0.00000000e+00 0.00000000e+00 1.00000000e+00
-2.54496652e-03 -1.76082318e-04 -9.99996746e-01 3.01350300e-01
3.31935066e-05 9.99999984e-01 -1.76167365e-04 2.52412039e-05
9.99996761e-01 -3.36417386e-05 -2.54496064e-03 7.03968687e-01
0.00000000e+00 0.00000000e+00 0.00000000e+00 1.00000000e+00
-6.70302802e-02 9.96816381e-01 4.31745827e-02 -6.16563739e-02
9.95494909e-01 6.97243591e-02 -6.42526332e-02 1.71366103e-02
-6.70583974e-02 3.86732052e-02 -9.96999275e-01 3.52341444e-01
0.00000000e+00 0.00000000e+00 0.00000000e+00 1.00000000e+00
9.99906316e-01 3.18161050e-07 1.36879142e-02 -3.71038172e-01
-8.96326389e-09 1.00000000e+00 -2.25891704e-05 6.45355000e-10
-1.36879142e-02 2.25869314e-05 9.99906316e-01 6.35136946e-01
0.00000000e+00 0.00000000e+00 0.00000000e+00 1.00000000e+00
