-6.71717712e-02 9.96645792e-01 4.67452543e-02 -6.15880008e-02
9.93887092e-01 7.09529578e-02 -8.45820717e-02 2.52227458e-02
-8.76150798e-02 4.07779773e-02 -9.95319423e-01 3.55574826e-01
0.00000000e+00 0.00000000e+00 0.00000000e+00 1.00000000e+00
-6.71675893e-02 9.96675380e-01 4.61161705e-02 -6.15990180e-02
9.93960163e-01 7.08618535e-02 -8.37961336e-02 2.52251935e-02
-8.67854206e-02 4.02092520e-02 -9.95415243e-01 3.55558578e-01
0.00000000e+00 0.00000000e+00 0.00000000e+00 1.00000000e+00
-6.35663984e-02 9.96603610e-01 5.23503417e-02 -6.26410691e-02
9.81752001e-01 7.18674715e-02 -1.76062702e-01 5.99620860e-02
-1.79227011e-01 4.02033808e-02 -9.82985944e-01 4.03996814e-01
0.00000000e+00 0.00000000e+00 0.00000000e+00 1.00000000e+00
-6.00694290e-02 9.97114826e-01 4.64078454e-02 -6.40033064e-02
9.63293171e-01 7.00928051e-02 -2.59139469e-01 1.01732362e-01
-2.61644663e-01 2.91380006e-02 -9.64724337e-01 4.61790459e-01
0.00000000e+00 0.00000000e+00 0.00000000e+00 1.00000000e+00
-6.18641336e-02 9.96461093e-01 5.69044805e-02 -8.29652222e-02
9.91161082e-01 6.80388301e-02 -1.13887787e-01 -4.23582980e-03
-1.17356463e-01 4.93559371e-02 -9.91862618e-01 1.22913232e+00
0.00000000e+00 0.00000000e+00 0.00000000e+00 1.00000000e+00
-6.39322669e-02 9.95210535e-01 7.39503637e-02 -8.29978655e-02
9.96905813e-01 6.70853331e-02 -4.09677742e-02 -1.01248628e-01
-4.57325452e-02 7.11023847e-02 -9.96420085e-01 1.24779518e+00
0.00000000e+00 0.00000000e+00 0.00000000e+00 1.00000000e+00
-6.29606816e-02 9.96117048e-01 6.15368100e-02 -8.30426041e-02
9.98010259e-01 6.26312267e-02 7.27001353e-03 -1.85229175e-01
3.38765851e-03 6.18720927e-02 -9.98078338e-01 1.25872070e+00
0.00000000e+00 0.00000000e+00 0.00000000e+00 1.00000000e+00
-6.39734742e-02 9.96332770e-01 5.68190704e-02 -8.30093713e-02
9.97917872e-01 6.33994499e-02 1.18503140e-02 -1.85358943e-01
8.20455841e-03 5.74588716e-02 -9.98314161e-01 1.25935094e+00
0.00000000e+00 0.00000000e+00 0.00000000e+00 1.00000000e+00
-6.43778161e-02 9.96568651e-01 5.20232727e-02 -8.30368996e-02
9.97863766e-01 6.37059838e-02 1.44724420e-02 -1.85450941e-01
1.11085883e-02 5.28438430e-02 -9.98540999e-01 1.26052628e+00
0.00000000e+00 0.00000000e+00 0.00000000e+00 1.00000000e+00
-6.23795069e-02 9.96132721e-01 6.18740598e-02 -8.31122828e-02
9.97949959e-01 6.13644602e-02 1.81736844e-02 -1.84990959e-01
1.43065334e-02 6.28808809e-02 -9.97918493e-01 1.25690267e+00
0.00000000e+00 0.00000000e+00 0.00000000e+00 1.00000000e+00
-6.25696059e-02 9.96225631e-01 6.01625887e-02 -8.31162626e-02
9.98033821e-01 6.22331783e-02 7.45140189e-03 -1.85038768e-01
3.67916844e-03 6.05105296e-02 -9.98160778e-01 1.25745235e+00
0.00000000e+00 0.00000000e+00 0.00000000e+00 1.00000000e+00
-1.24010407e-01 9.77273387e-01 1.71924827e-01 -1.08058554e-01
9.92222340e-01 1.24010243e-01 1.07837019e-02 -1.94268850e-01
-1.07818147e-02 1.71924945e-01 -9.85051047e-01 1.23200029e+00
0.00000000e+00 0.00000000e+00 0.00000000e+00 1.00000000e+00
-1.85032384e-01 9.45942619e-01 2.66374881e-01 -1.27131636e-01
9.82613020e-01 1.82309074e-01 3.51433552e-02 -2.10630129e-01
-1.53189605e-02 2.68246085e-01 -9.63228616e-01 1.19482130e+00
0.00000000e+00 0.00000000e+00 0.00000000e+00 1.00000000e+00
-2.91243582e-01 8.53248017e-01 4.32602585e-01 -1.40090976e-01
9.56611924e-01 2.55776537e-01 1.39542070e-01 -2.60150066e-01
8.41440377e-03 4.54473524e-01 -8.90720503e-01 1.07523980e+00
0.00000000e+00 0.00000000e+00 0.00000000e+00 1.00000000e+00
-3.32840860e-01 7.39051620e-01 5.85678807e-01 -1.31246637e-01
9.39165885e-01 2.03976730e-01 2.76334821e-01 -2.98926362e-01
8.47608492e-02 6.42025074e-01 -7.61983860e-01 8.51862415e-01
0.00000000e+00 0.00000000e+00 0.00000000e+00 1.00000000e+00
-2.71085375e-01 6.64103432e-01 6.96763482e-01 -1.59165735e-01
9.51366222e-01 7.48071240e-02 2.98841438e-01 -2.72864974e-01
1.46338753e-01 7.43888785e-01 -6.52084691e-01 6.51305397e-01
0.00000000e+00 0.00000000e+00 0.00000000e+00 1.00000000e+00
-1.98371697e-01 6.21323159e-01 7.58027837e-01 -1.98548211e-01
9.66507666e-01 -4.47624312e-03 2.56598703e-01 -2.31831121e-01
1.62823834e-01 7.83541636e-01 -5.99625636e-01 5.47579686e-01
0.00000000e+00 0.00000000e+00 0.00000000e+00 1.00000000e+00
-1.47540592e-01 5.83431562e-01 7.98648475e-01 -2.30687969e-01
9.74122557e-01 -5.40710103e-02 2.19457444e-01 -1.94425650e-01
1.71222129e-01 8.10360376e-01 -5.60356176e-01 4.82883409e-01
0.00000000e+00 0.00000000e+00 0.00000000e+00 1.00000000e+00
-1.28223410e-01 5.74646588e-01 8.08294536e-01 -2.40308684e-01
9.77378663e-01 -6.50038685e-02 2.01259651e-01 -1.83795923e-01
1.68195443e-01 8.15816031e-01 -5.53312296e-01 4.68175617e-01
0.00000000e+00 0.00000000e+00 0.00000000e+00 1.00000000e+00
-1.28220715e-01 5.74646821e-01 8.08294797e-01 -2.40360990e-01
9.77406976e-01 -6.48696655e-02 2.01165428e-01 -1.83829441e-01
1.68032887e-01 8.15826549e-01 -5.53346177e-01 4.68289504e-01
0.00000000e+00 0.00000000e+00 0.00000000e+00 1.00000000e+00
3.07436570e-02 6.92431963e-01 7.20827861e-01 -2.32262704e-01
9.63882271e-01 -2.11412616e-01 1.61974298e-01 -1.45088070e-01
2.64548285e-01 6.89813513e-01 -6.73922490e-01 4.83240264e-01
0.00000000e+00 0.00000000e+00 0.00000000e+00 1.00000000e+00
2.10052087e-01 7.69380085e-01 6.03268104e-01 -2.15079126e-01
9.23030760e-01 -3.59479191e-01 1.37072709e-01 -1.00032069e-01
3.22323342e-01 5.28042608e-01 -7.85670839e-01 5.16150762e-01
0.00000000e+00 0.00000000e+00 0.00000000e+00 1.00000000e+00
8.63575763e-01 1.15858251e-01 -4.90727794e-01 3.01327467e-01
2.58145641e-01 -9.37609065e-01 2.32916444e-01 2.80194834e-01
-4.33125536e-01 -3.27820237e-01 -8.39604766e-01 7.56570037e-01
0.00000000e+00 0.00000000e+00 0.00000000e+00 1.00000000e+00
8.84365882e-01 -4.43987421e-01 1.44125488e-01 -4.03103432e-02
-4.65455250e-01 -8.15373476e-01 3.44263715e-01 3.91052072e-01
-3.53326587e-02 -3.71539050e-01 -9.27744759e-01 8.58147281e-01
0.00000000e+00 0.00000000e+00 0.00000000e+00 1.00000000e+00
8.84371354e-01 -4.44248214e-01 1.43285841e-01 -4.02625994e-02
-4.65368292e-01 -8.15232959e-01 3.44713759e-01 3.90806601e-01
-3.63271320e-02 -3.71535661e-01 -9.27707708e-01 8.57481850e-01
0.00000000e+00 0.00000000e+00 0.00000000e+00 1.00000000e+00
-7.36774360e-02 9.94843254e-01 6.97031883e-02 -8.75566761e-02
9.23002571e-01 4.15542488e-02 3.82543459e-01 -1.04881570e-01
3.77674316e-01 9.25210433e-02 -9.21304492e-01 7.63523113e-01
0.00000000e+00 0.00000000e+00 0.00000000e+00 1.00000000e+00
-7.42061240e-02 9.94463389e-01 7.44044302e-02 -8.73894914e-02
9.26370004e-01 4.11156571e-02 3.74363619e-01 -1.01509822e-01
3.69231726e-01 9.67061054e-02 -9.24292087e-01 7.61223044e-01
0.00000000e+00 0.00000000e+00 0.00000000e+00 1.00000000e+00
-7.42185637e-02 9.94662866e-01 7.16755682e-02 -8.51988571e-02
9.39150502e-01 4.55418249e-02 3.40473607e-01 -3.83748381e-02
3.35392218e-01 9.25836079e-02 -9.37518179e-01 7.27449316e-01
0.00000000e+00 0.00000000e+00 0.00000000e+00 1.00000000e+00
-7.30312207e-02 9.94967486e-01 6.86013284e-02 -8.17018556e-02
9.58304250e-01 5.09539084e-02 2.81170168e-01 3.41558337e-02
2.76259670e-01 8.62751452e-02 -9.57202797e-01 6.65169342e-01
0.00000000e+00 0.00000000e+00 0.00000000e+00 1.00000000e+00
-7.06937187e-02 9.95615860e-01 6.12491368e-02 -7.40654497e-02
9.87253295e-01 6.10579499e-02 1.46979106e-01 1.04069608e-01
1.42594983e-01 7.08589117e-02 -9.87241453e-01 5.20637521e-01
0.00000000e+00 0.00000000e+00 0.00000000e+00 1.00000000e+00
-6.81083863e-02 9.96406287e-01 5.03563206e-02 -6.68333743e-02
9.97128728e-01 6.63096170e-02 3.65695772e-02 8.33909032e-02
3.30990483e-02 5.27024288e-02 -9.98061575e-01 4.01335496e-01
0.00000000e+00 0.00000000e+00 0.00000000e+00 1.00000000e+00
-6.54886643e-02 9.96941938e-01 4.26380970e-02 -6.38084114e-02
9.97201058e-01 6.69308062e-02 -3.33214302e-02 4.90569503e-02
-3.60733334e-02 4.03365794e-02 -9.98534764e-01 3.67123847e-01
0.00000000e+00 0.00000000e+00 0.00000000e+00 1.00000000e+00
-6.64668209e-02 9.96993213e-01 3.98333515e-02 -6.17071261e-02
9.95771514e-01 6.88167481e-02 -6.08551334e-02 1.72768405e-02
-6.34133567e-02 3.56200695e-02 -9.97351471e-01 3.52614914e-01
0.00000000e+00 0.00000000e+00 0.00000000e+00 1.00000000e+00
-6.70302802e-02 9.96816381e-01 4.31745827e-02 -6.16563739e-02
9.95494909e-01 6.97243591e-02 -6.42526332e-02 1.71366103e-02
-6.70583974e-02 3.86732052e-02 -9.96999275e-01 3.52341444e-01
0.00000000e+00 0.00000000e+00 0.00000000e+00 1.00000000e+00
