-7.67671805e-02 9.95541320e-01 5.48113054e-02 -6.00690211e-02
9.34521439e-01 5.26826532e-02 3.51986104e-01 -1.05997729e-01
3.47529106e-01 7.82433208e-02 -9.34399006e-01 2.92350827e-01
0.00000000e+00 0.00000000e+00 0.00000000e+00 1.00000000e+00
-7.67598046e-02 9.95563676e-01 5.44141432e-02 -6.00791351e-02
9.34391905e-01 5.27870452e-02 3.52314200e-01 -1.05997986e-01
3.47878859e-01 7.78877041e-02 -9.34298563e-01 2.92348652e-01
0.00000000e+00 0.00000000e+00 0.00000000e+00 1.00000000e+00
-7.66144473e-02 9.95619657e-01 5.35884716e-02 -6.00889393e-02
9.34373859e-01 5.29370815e-02 3.52339547e-01 -1.06018197e-01
3.47959362e-01 7.70659666e-02 -9.34336727e-01 2.92472065e-01
0.00000000e+00 0.00000000e+00 0.00000000e+00 1.00000000e+00
-7.61947886e-02 9.95642113e-01 5.37692994e-02 -5.99574593e-02
9.56287433e-01 5.77010363e-02 2.86679151e-01 -8.61426492e-02
2.82327291e-01 7.32623626e-02 -9.56516559e-01 3.47862557e-01
0.00000000e+00 0.00000000e+00 0.00000000e+00 1.00000000e+00
-7.42388313e-02 9.96003436e-01 4.96563260e-02 -5.96851502e-02
9.77898561e-01 6.29492213e-02 1.99378535e-01 -5.48157729e-02
1.95455879e-01 6.33604791e-02 -9.78663604e-01 4.25843731e-01
0.00000000e+00 0.00000000e+00 0.00000000e+00 1.00000000e+00
-7.10807813e-02 9.96261226e-01 4.91028800e-02 -5.88837719e-02
9.97178799e-01 6.97832653e-02 2.76539112e-02 2.72234932e-03
2.41239601e-02 5.09300125e-02 -9.98410821e-01 5.47393409e-01
0.00000000e+00 0.00000000e+00 0.00000000e+00 1.00000000e+00
-6.74042082e-02 9.92460264e-01 1.02368440e-01 -5.69874806e-02
9.80884103e-01 8.46889418e-02 -1.75197485e-01 7.08180031e-02
-1.82546017e-01 8.86025278e-02 -9.79196887e-01 6.50575583e-01
0.00000000e+00 0.00000000e+00 0.00000000e+00 1.00000000e+00
-6.41914022e-02 9.85968405e-01 1.54096620e-01 -5.54140333e-02
9.65708989e-01 1.00299198e-01 -2.39470705e-01 1.05998511e-01
-2.51566317e-01 1.33440530e-01 -9.58596898e-01 6.83304064e-01
0.00000000e+00 0.00000000e+00 0.00000000e+00 1.00000000e+00
-6.09200705e-02 9.82163077e-01 1.77888828e-01 -5.41419024e-02
9.51337479e-01 1.11068722e-01 -2.87438237e-01 1.37696815e-01
-3.02069108e-01 1.51721552e-01 -9.41134860e-01 7.06347102e-01
0.00000000e+00 0.00000000e+00 0.00000000e+00 1.00000000e+00
-6.06614005e-02 9.82095048e-01 1.78352213e-01 -5.38742444e-02
9.49370128e-01 1.11947552e-01 -2.93537230e-01 1.43396684e-01
-3.08247553e-01 1.51515884e-01 -9.39162597e-01 7.10249524e-01
0.00000000e+00 0.00000000e+00 0.00000000e+00 1.00000000e+00
-6.06240170e-02 9.82631071e-01 1.75387877e-01 -5.39181365e-02
9.48982218e-01 1.11213863e-01 -2.95066479e-01 1.43568876e-01
-3.09447054e-01 1.48551861e-01 -9.39241644e-01 7.10839528e-01
0.00000000e+00 0.00000000e+00 0.00000000e+00 1.00000000e+00
-7.95137037e-02 9.92141484e-01 9.66066640e-02 -1.02236648e-01
9.55480321e-01 4.82319679e-02 2.91085954e-01 -2.19926114e-01
2.84138921e-01 1.15451089e-01 -9.51806766e-01 9.52272822e-01
0.00000000e+00 0.00000000e+00 0.00000000e+00 1.00000000e+00
-7.91383177e-02 9.92215348e-01 9.61552408e-02 -1.02285083e-01
9.56506119e-01 4.84124740e-02 2.87666956e-01 -2.20016065e-01
2.80772455e-01 1.14738555e-01 -9.52891333e-01 9.52613183e-01
0.00000000e+00 0.00000000e+00 0.00000000e+00 1.00000000e+00
-7.61369729e-02 9.94029209e-01 7.81606817e-02 -9.99936979e-02
9.54311842e-01 4.99294954e-02 2.94611529e-01 -2.20943293e-01
2.88949942e-01 9.70204942e-02 -9.52415327e-01 9.55466827e-01
0.00000000e+00 0.00000000e+00 0.00000000e+00 1.00000000e+00
-3.34421548e-02 9.99417997e-01 -6.72980633e-03 -7.67172578e-02
9.59845835e-01 3.39930847e-02 2.78460848e-01 -2.37208180e-01
2.78527550e-01 2.85275424e-03 -9.60424003e-01 9.77806125e-01
0.00000000e+00 0.00000000e+00 0.00000000e+00 1.00000000e+00
2.81339317e-02 9.87877098e-01 -1.52667355e-01 -4.60366837e-02
9.55167401e-01 1.84628909e-02 2.95490031e-01 -2.66494427e-01
2.94726515e-01 -1.54136177e-01 -9.43068566e-01 9.90840072e-01
0.00000000e+00 0.00000000e+00 0.00000000e+00 1.00000000e+00
1.44369384e-01 9.34815297e-01 -3.24465472e-01 -7.27373429e-03
9.27634849e-01 -1.37136160e-02 3.73236551e-01 -3.39365560e-01
3.44457642e-01 -3.54869410e-01 -8.69147073e-01 9.58308781e-01
0.00000000e+00 0.00000000e+00 0.00000000e+00 1.00000000e+00
2.99145473e-01 6.75147421e-01 -6.74305529e-01 1.73848096e-01
9.52579338e-01 -1.70034387e-01 2.52350770e-01 -8.30720642e-02
5.57188441e-02 -7.17819105e-01 -6.93996501e-01 9.08460254e-01
0.00000000e+00 0.00000000e+00 0.00000000e+00 1.00000000e+00
2.99511936e-01 6.74987287e-01 -6.74303168e-01 1.73858275e-01
9.52474569e-01 -1.70392752e-01 2.52504464e-01 -8.30426383e-02
5.55409307e-02 -7.17884721e-01 -6.93942889e-01 9.08544666e-01
0.00000000e+00 0.00000000e+00 0.00000000e+00 1.00000000e+00
2.31500060e-01 7.70414549e-01 -5.94027899e-01 1.13789521e-01
9.51063192e-01 -5.07689835e-02 3.04797170e-01 -1.48298842e-01
2.04661982e-01 -6.35518633e-01 -7.44465943e-01 8.69802747e-01
0.00000000e+00 0.00000000e+00 0.00000000e+00 1.00000000e+00
1.20274949e-01 8.58722664e-01 -4.98125811e-01 5.02204464e-02
9.23502668e-01 8.73226871e-02 3.73520510e-01 -2.15970921e-01
3.64248211e-01 -5.04945676e-01 -7.82529939e-01 8.06679029e-01
0.00000000e+00 0.00000000e+00 0.00000000e+00 1.00000000e+00
-1.92152992e-01 9.49599020e-01 -2.47666972e-01 -3.23663720e-02
8.04014478e-01 2.97038296e-01 5.15100932e-01 -3.08078271e-01
5.62705915e-01 -1.00149646e-01 -8.20568158e-01 6.61389875e-01
0.00000000e+00 0.00000000e+00 0.00000000e+00 1.00000000e+00
-9.86785254e-01 -6.45405150e-02 1.48624977e-01 2.18811202e-02
1.09919785e-01 4.07277847e-01 9.06665537e-01 -2.56795430e-01
-1.19048321e-01 9.11021008e-01 -3.94801494e-01 4.58699576e-01
0.00000000e+00 0.00000000e+00 0.00000000e+00 1.00000000e+00
-8.98735268e-01 -4.11578410e-01 1.51255181e-01 1.36976453e-02
-1.81462801e-02 3.79558735e-01 9.24989664e-01 -1.98610935e-01
-4.38116001e-01 8.28576115e-01 -3.48591438e-01 5.32331086e-01
0.00000000e+00 0.00000000e+00 0.00000000e+00 1.00000000e+00
-7.92632760e-01 -5.89448017e-01 1.55834347e-01 -1.00240814e-02
-9.03067690e-02 3.66275639e-01 9.26113840e-01 -1.57351916e-01
-6.02974291e-01 7.19995272e-01 -3.43553216e-01 5.87410045e-01
0.00000000e+00 0.00000000e+00 0.00000000e+00 1.00000000e+00
-7.19290411e-01 -6.75570768e-01 1.61942710e-01 -2.99004619e-02
-1.29600226e-01 3.59505423e-01 9.24099363e-01 -1.31355821e-01
-6.82513799e-01 6.43707999e-01 -3.46142928e-01 6.19245613e-01
0.00000000e+00 0.00000000e+00 0.00000000e+00 1.00000000e+00
