-6.59092115e-02 9.91392646e-01 1.13122045e-01 -6.78596934e-02
9.89216868e-01 7.97790857e-02 -1.22822170e-01 2.08830047e-02
-1.30789770e-01 1.03807123e-01 -9.85960505e-01 6.92733348e-01
0.00000000e+00 0.00000000e+00 0.00000000e+00 1.00000000e+00
-6.60131509e-02 9.91457754e-01 1.12489049e-01 -6.78628588e-02
9.89062267e-01 7.99191636e-02 -1.23970803e-01 2.09033915e-02
-1.31901845e-01 1.03074970e-01 -9.85889169e-01 6.93135637e-01
0.00000000e+00 0.00000000e+00 0.00000000e+00 1.00000000e+00
-6.62189487e-02 9.91658277e-01 1.10584412e-01 -6.78801595e-02
9.89417181e-01 7.95979176e-02 -1.21316993e-01 2.09321332e-02
-1.29107289e-01 1.01380633e-01 -9.86434628e-01 6.93194368e-01
0.00000000e+00 0.00000000e+00 0.00000000e+00 1.00000000e+00
-6.66645733e-02 9.91813732e-01 1.08909854e-01 -6.77042413e-02
9.90689101e-01 7.87815042e-02 -1.11034136e-01 1.71645648e-02
-1.18705262e-01 1.00493762e-01 -9.87830990e-01 6.86297366e-01
0.00000000e+00 0.00000000e+00 0.00000000e+00 1.00000000e+00
-6.80601849e-02 9.93555499e-01 9.06381931e-02 -6.71902976e-02
9.94780996e-01 7.45038110e-02 -6.97133544e-02 2.62082841e-03
-7.60169774e-02 8.54204482e-02 -9.93440872e-01 6.56812601e-01
0.00000000e+00 0.00000000e+00 0.00000000e+00 1.00000000e+00
-7.02216094e-02 9.95288158e-01 6.68611042e-02 -6.62604787e-02
9.97525304e-01 6.98286265e-02 8.19949433e-03 -1.75837552e-02
3.49204054e-03 6.72714250e-02 -9.97728601e-01 6.04896141e-01
0.00000000e+00 0.00000000e+00 0.00000000e+00 1.00000000e+00
-7.29505170e-02 9.95984742e-01 5.18904217e-02 -6.40524563e-02
9.85115301e-01 6.38392522e-02 1.59600734e-01 -5.16618346e-02
1.55647250e-01 6.27610045e-02 -9.85816915e-01 4.94295870e-01
0.00000000e+00 0.00000000e+00 0.00000000e+00 1.00000000e+00
-7.49057261e-02 9.95947683e-01 4.97729290e-02 -6.20094739e-02
9.62317179e-01 5.91115281e-02 2.65426966e-01 -7.89818246e-02
2.61409218e-01 6.77793443e-02 -9.62845357e-01 3.95844161e-01
0.00000000e+00 0.00000000e+00 0.00000000e+00 1.00000000e+00
-7.59600723e-02 9.95896641e-01 4.91929627e-02 -6.06948110e-02
9.42013740e-01 5.55026441e-02 3.30952520e-01 -9.67990902e-02
3.26864163e-01 7.14796241e-02 -9.42364304e-01 3.29698938e-01
0.00000000e+00 0.00000000e+00 0.00000000e+00 1.00000000e+00
-7.74463517e-02 9.95483895e-01 5.48987953e-02 -5.98582645e-02
9.30284343e-01 5.23506404e-02 3.63084634e-01 -1.07040946e-01
3.58570918e-01 7.91910700e-02 -9.30137447e-01 2.90292074e-01
0.00000000e+00 0.00000000e+00 0.00000000e+00 1.00000000e+00
-7.73496328e-02 9.95509554e-01 5.45688770e-02 -5.98817387e-02
9.30331933e-01 5.23899312e-02 3.62957008e-01 -1.07074225e-01
3.58468309e-01 7.88417601e-02 -9.30206670e-01 2.90289793e-01
0.00000000e+00 0.00000000e+00 0.00000000e+00 1.00000000e+00
