-1.02915610e-02 -1.89192913e-05 -9.99947040e-01 3.00801117e-01
6.48025739e-05 9.99999998e-01 -1.95872482e-05 -1.69224378e-05
9.99947038e-01 -6.50007253e-05 -1.02915597e-02 7.03940372e-01
0.00000000e+00 0.00000000e+00 0.00000000e+00 1.00000000e+00
-6.68768750e-02 9.96845250e-01 4.27437907e-02 -6.15748087e-02
9.94696188e-01 6.99655393e-02 -7.53944105e-02 1.99867353e-02
-7.81471524e-02 3.74749430e-02 -9.96237246e-01 3.53049594e-01
0.00000000e+00 0.00000000e+00 0.00000000e+00 1.00000000e+00
9.99905283e-01 -6.61949484e-05 1.37630281e-02 6.28936368e-01
6.57606868e-05 9.99999997e-01 3.20053168e-05 -2.44036474e-05
-1.37630302e-02 -3.10972191e-05 9.99905285e-01 6.35130046e-01
0.00000000e+00 0.00000000e+00 0.00000000e+00 1.00000000e+00
-1.02853653e-02 -1.68341436e-05 -9.99947104e-01 3.00801563e-01
6.48235784e-05 9.99999998e-01 -1.75018035e-05 -1.75496871e-05
9.99947102e-01 -6.50001620e-05 -1.02853642e-02 7.03940377e-01
0.00000000e+00 0.00000000e+00 0.00000000e+00 1.00000000e+00
-6.69629894e-02 9.96820644e-01 4.31805663e-02 -6.15617034e-02
9.94828600e-01 7.00164531e-02 -7.35782136e-02 1.99727056e-02
-7.63676324e-02 3.80302452e-02 -9.96354197e-01 3.52849034e-01
0.00000000e+00 0.00000000e+00 0.00000000e+00 1.00000000e+00
9.99905142e-01 -6.29956100e-05 1.37733031e-02 6.28936070e-01
6.25915929e-05 9.99999998e-01 2.97644125e-05 -2.32276224e-05
-1.37733049e-02 -2.88994961e-05 9.99905143e-01 6.35133886e-01
0.00000000e+00 0.00000000e+00 0.00000000e+00 1.00000000e+00
2.74295053e-03 -1.02543750e-04 -9.99996233e-01 3.04619418e-01
6.42437408e-05 9.99999993e-01 -1.02367917e-04 2.43769146e-05
9.99996236e-01 -6.39627086e-05 2.74295709e-03 7.00001415e-01
0.00000000e+00 0.00000000e+00 0.00000000e+00 1.00000000e+00
-6.63630467e-02 9.96723314e-01 4.62447932e-02 -6.14115406e-02
9.95819155e-01 6.90760824e-02 -5.97721066e-02 1.10935803e-02
-6.27706614e-02 4.20847918e-02 -9.97140268e-01 3.48972126e-01
0.00000000e+00 0.00000000e+00 0.00000000e+00 1.00000000e+00
9.99905851e-01 9.27686205e-05 1.37215300e-02 6.28960173e-01
-9.34496706e-05 9.99999994e-01 4.89925247e-05 3.46769816e-05
-1.37215254e-02 -5.02701845e-05 9.99905854e-01 6.35132508e-01
0.00000000e+00 0.00000000e+00 0.00000000e+00 1.00000000e+00
2.74339866e-03 -9.38826292e-05 -9.99996232e-01 3.04619481e-01
6.42463108e-05 9.99999994e-01 -9.37067284e-05 2.46590568e-05
9.99996235e-01 -6.39889938e-05 2.74340467e-03 7.00001280e-01
0.00000000e+00 0.00000000e+00 0.00000000e+00 1.00000000e+00
-6.63469842e-02 9.96741326e-01 4.58781720e-02 -6.14272660e-02
9.95753150e-01 6.90822423e-02 -6.08548058e-02 1.10926160e-02
-6.38258668e-02 4.16458015e-02 -9.97091714e-01 3.49073010e-01
0.00000000e+00 0.00000000e+00 0.00000000e+00 1.00000000e+00
9.99905820e-01 9.44267574e-05 1.37238096e-02 6.28960960e-01
-9.50698994e-05 9.99999994e-01 4.62108405e-05 3.52781339e-05
-1.37238051e-02 -4.75112095e-05 9.99905823e-01 6.35133354e-01
0.00000000e+00 0.00000000e+00 0.00000000e+00 1.00000000e+00
2.18290571e-02 -8.84640072e-05 -9.99761714e-01 3.03110081e-01
6.53449135e-05 9.99999994e-01 -8.70583336e-05 2.36699403e-05
9.99761716e-01 -6.34289413e-05 2.18290628e-02 7.11728594e-01
0.00000000e+00 0.00000000e+00 0.00000000e+00 1.00000000e+00
-6.56446558e-02 9.96830282e-01 4.49462733e-02 -6.15907183e-02
9.96449434e-01 6.78662222e-02 -4.98267177e-02 1.50495633e-02
-5.27191148e-02 4.15158309e-02 -9.97746025e-01 3.51026238e-01
0.00000000e+00 0.00000000e+00 0.00000000e+00 1.00000000e+00
9.99905851e-01 9.12883400e-05 1.37215295e-02 6.28960173e-01
-9.19009961e-05 9.99999995e-01 4.40187260e-05 3.41022579e-05
-1.37215254e-02 -4.52756039e-05 9.99905854e-01 6.35132508e-01
0.00000000e+00 0.00000000e+00 0.00000000e+00 1.00000000e+00
9.07874119e-02 -7.38114182e-05 -9.95870293e-01 2.93957490e-01
5.95270832e-05 9.99999996e-01 -6.86907809e-05 2.03742948e-05
9.95870294e-01 -5.30449956e-05 9.07874159e-02 7.52606425e-01
0.00000000e+00 0.00000000e+00 0.00000000e+00 1.00000000e+00
-6.74135648e-02 9.96870268e-01 4.12926246e-02 -6.20766407e-02
9.97198491e-01 6.59757389e-02 3.52472779e-02 2.83968911e-02
3.24126520e-02 4.35530876e-02 -9.98525187e-01 3.62849224e-01
0.00000000e+00 0.00000000e+00 0.00000000e+00 1.00000000e+00
9.99906037e-01 8.81826264e-05 1.37080207e-02 6.28956377e-01
-8.87320341e-05 9.99999995e-01 3.94710897e-05 3.29266344e-05
-1.37080171e-02 -4.06837214e-05 9.99906040e-01 6.35127489e-01
0.00000000e+00 0.00000000e+00 0.00000000e+00 1.00000000e+00
2.07745943e-01 -3.06530066e-05 -9.78182816e-01 2.65273799e-01
5.48215796e-05 9.99999998e-01 -1.96937070e-05 1.17779270e-05
9.78182815e-01 -4.95342394e-05 2.07745944e-01 8.15955429e-01
0.00000000e+00 0.00000000e+00 0.00000000e+00 1.00000000e+00
-7.09555015e-02 9.96507792e-01 4.40174726e-02 -6.31648797e-02
9.84570805e-01 6.28925701e-02 1.63293771e-01 3.73103277e-02
1.59955143e-01 5.49249098e-02 -9.85595052e-01 3.99529409e-01
0.00000000e+00 0.00000000e+00 0.00000000e+00 1.00000000e+00
9.99906235e-01 7.17496692e-05 1.36936471e-02 6.28952087e-01
-7.18537192e-05 9.99999997e-01 7.10642579e-06 2.66636483e-05
-1.36936465e-02 -8.08969893e-06 9.99906238e-01 6.35122152e-01
0.00000000e+00 0.00000000e+00 0.00000000e+00 1.00000000e+00
4.04094219e-01 5.98639348e-05 -9.14717366e-01 1.81924629e-01
1.08888128e-05 9.99999997e-01 7.02556258e-05 -2.09064437e-06
9.14717367e-01 -3.83500783e-05 4.04094217e-01 8.96663025e-01
0.00000000e+00 0.00000000e+00 0.00000000e+00 1.00000000e+00
-7.64044199e-02 9.96223082e-01 4.12545131e-02 -6.59701578e-02
9.16128794e-01 5.38109211e-02 3.97256111e-01 -7.34721939e-03
3.93535764e-01 6.81465701e-02 -9.16780043e-01 5.01363397e-01
0.00000000e+00 0.00000000e+00 0.00000000e+00 1.00000000e+00
9.99906552e-01 4.28003892e-05 1.36706318e-02 6.28943875e-01
-4.22779252e-05 9.99999998e-01 -3.85069800e-05 1.56888007e-05
-1.36706334e-02 3.79254156e-05 9.99906552e-01 6.35112480e-01
0.00000000e+00 0.00000000e+00 0.00000000e+00 1.00000000e+00
5.64414351e-01 1.35092490e-04 -8.25491624e-01 8.41554590e-02
-4.76173404e-05 9.99999990e-01 1.31093490e-04 -6.07711252e-06
8.25491634e-01 -3.46833315e-05 5.64414352e-01 9.26633914e-01
0.00000000e+00 0.00000000e+00 0.00000000e+00 1.00000000e+00
-8.00793197e-02 9.95632991e-01 4.79817705e-02 -6.81730643e-02
8.32811742e-01 4.03774666e-02 5.52081754e-01 -1.39169909e-01
5.47733425e-01 8.41701131e-02 -8.32408245e-01 5.90944108e-01
0.00000000e+00 0.00000000e+00 0.00000000e+00 1.00000000e+00
9.99906677e-01 2.10581989e-05 1.36615288e-02 6.28931562e-01
-1.98047044e-05 9.99999996e-01 -9.18888828e-05 7.34960153e-06
-1.36615307e-02 9.16097448e-05 9.99906673e-01 6.35095343e-01
0.00000000e+00 0.00000000e+00 0.00000000e+00 1.00000000e+00
6.27072568e-01 1.60913138e-04 -7.78960826e-01 3.95775988e-02
-7.46228912e-05 9.99999986e-01 1.46501806e-04 -4.93864302e-06
7.78960839e-01 -3.37389545e-05 6.27072572e-01 9.25993784e-01
0.00000000e+00 0.00000000e+00 0.00000000e+00 1.00000000e+00
-8.06550501e-02 9.95322015e-01 5.31869282e-02 -6.86232268e-02
8.01224897e-01 3.30005407e-02 5.97452617e-01 -2.21542891e-01
5.92902545e-01 9.08022618e-02 -8.00138439e-01 6.10604474e-01
0.00000000e+00 0.00000000e+00 0.00000000e+00 1.00000000e+00
9.99906395e-01 1.19549970e-05 1.36821264e-02 6.28928617e-01
-1.02962946e-05 9.99999993e-01 -1.21301763e-04 3.82137688e-06
-1.36821278e-02 1.21149534e-04 9.99906388e-01 6.35093075e-01
0.00000000e+00 0.00000000e+00 0.00000000e+00 1.00000000e+00
6.72046986e-01 1.76576156e-04 -7.40508486e-01 5.68785283e-03
-9.48029889e-05 9.99999984e-01 1.52414310e-04 -2.85535467e-06
7.40508501e-01 -3.22271598e-05 6.72046992e-01 9.20086239e-01
0.00000000e+00 0.00000000e+00 0.00000000e+00 1.00000000e+00
-8.23372785e-02 9.94947688e-01 5.74427572e-02 -6.86159017e-02
7.77995405e-01 2.81469080e-02 6.27639149e-01 -2.94069996e-01
6.22851284e-01 9.63683005e-02 -7.76382270e-01 6.17581781e-01
0.00000000e+00 0.00000000e+00 0.00000000e+00 1.00000000e+00
9.99906244e-01 5.86864986e-06 1.36932028e-02 6.28927265e-01
-3.95732083e-06 9.99999990e-01 -1.39609412e-04 1.46919086e-06
-1.36932035e-02 1.39542134e-04 9.99906234e-01 6.35092688e-01
0.00000000e+00 0.00000000e+00 0.00000000e+00 1.00000000e+00
6.72019030e-01 1.73112873e-04 -7.40533857e-01 5.70971579e-03
-9.09492003e-05 9.99999984e-01 1.51233162e-04 -2.58010201e-06
7.40533872e-01 -3.42806008e-05 6.72019035e-01 9.20091606e-01
0.00000000e+00 0.00000000e+00 0.00000000e+00 1.00000000e+00
-8.07312257e-02 9.95223117e-01 5.48945951e-02 -6.87449410e-02
7.78471445e-01 2.85628481e-02 6.27029803e-01 -2.94153132e-01
6.22466609e-01 9.33547592e-02 -7.77058691e-01 6.17838195e-01
0.00000000e+00 0.00000000e+00 0.00000000e+00 1.00000000e+00
9.99906265e-01 2.69904698e-06 1.36916187e-02 6.28926718e-01
-7.88236216e-07 9.99999990e-01 -1.39566012e-04 2.93120128e-07
-1.36916190e-02 1.39542137e-04 9.99906256e-01 6.35092100e-01
0.00000000e+00 0.00000000e+00 0.00000000e+00 1.00000000e+00
6.71999494e-01 1.79065601e-04 -7.40551584e-01 5.70863033e-03
-9.43949696e-05 9.99999983e-01 1.56143379e-04 -2.95431304e-06
7.40551599e-01 -3.50239274e-05 6.71999500e-01 9.20092862e-01
0.00000000e+00 0.00000000e+00 0.00000000e+00 1.00000000e+00
-8.02931399e-02 9.95376112e-01 5.27200768e-02 -6.88411619e-02
7.78397720e-01 2.95773546e-02 6.27074293e-01 -2.94205519e-01
6.22615452e-01 9.13869516e-02 -7.77173356e-01 6.17901004e-01
0.00000000e+00 0.00000000e+00 0.00000000e+00 1.00000000e+00
9.99906195e-01 5.80339078e-06 1.36967937e-02 6.28927518e-01
-3.89659839e-06 9.99999990e-01 -1.39241190e-04 1.44665539e-06
-1.36967944e-02 1.39174758e-04 9.99906185e-01 6.35094027e-01
0.00000000e+00 0.00000000e+00 0.00000000e+00 1.00000000e+00
6.61464460e-01 -5.03301591e-03 -7.49959623e-01 -1.37970922e-02
3.11744691e-03 9.99987294e-01 -3.96137543e-03 2.30067506e-04
7.49970032e-01 2.82349756e-04 6.61471746e-01 9.19479292e-01
0.00000000e+00 0.00000000e+00 0.00000000e+00 1.00000000e+00
-8.02427567e-02 9.95467651e-01 5.10416970e-02 -6.65124780e-02
7.89001262e-01 3.21406599e-02 6.13550312e-01 -2.97653661e-01
6.09128975e-01 8.95049318e-02 -7.88004289e-01 6.32262118e-01
0.00000000e+00 0.00000000e+00 0.00000000e+00 1.00000000e+00
9.99906142e-01 5.79116067e-06 1.37006194e-02 6.28928799e-01
-3.95760816e-06 9.99999991e-01 -1.33857008e-04 1.46920551e-06
-1.37006200e-02 1.33790222e-04 9.99906133e-01 6.35095447e-01
0.00000000e+00 0.00000000e+00 0.00000000e+00 1.00000000e+00
6.10093948e-01 -3.17727114e-02 -7.91691777e-01 -1.06489361e-01
2.07297923e-02 9.99493699e-01 -2.41375554e-02 1.50645884e-03
7.92057858e-01 -1.68542961e-03 6.10443699e-01 9.07086863e-01
0.00000000e+00 0.00000000e+00 0.00000000e+00 1.00000000e+00
-8.32558758e-02 9.95861758e-01 3.64392298e-02 -4.57240269e-02
8.32396399e-01 4.93927401e-02 5.51975174e-01 -3.21258080e-01
5.47891134e-01 7.62870602e-02 -8.33063977e-01 7.19302599e-01
0.00000000e+00 0.00000000e+00 0.00000000e+00 1.00000000e+00
9.99905998e-01 7.24579976e-06 1.37110959e-02 6.28931390e-01
-5.54214947e-06 9.99999992e-01 -1.24291393e-04 2.05722427e-06
-1.37110967e-02 1.24203721e-04 9.99905991e-01 6.35099343e-01
0.00000000e+00 0.00000000e+00 0.00000000e+00 1.00000000e+00
5.33165244e-01 -6.70196941e-02 -8.43352348e-01 -2.28691825e-01
4.78001451e-02 9.97651254e-01 -4.90624185e-02 3.46559866e-03
8.44659676e-01 -1.41539882e-02 5.35116526e-01 8.64953061e-01
0.00000000e+00 0.00000000e+00 0.00000000e+00 1.00000000e+00
-9.94050158e-02 9.94243647e-01 3.99776511e-02 -1.25066381e-02
8.81077149e-01 6.92778768e-02 4.67871385e-01 -3.50146405e-01
4.62408586e-01 8.17321574e-02 -8.82891927e-01 8.19352501e-01
0.00000000e+00 0.00000000e+00 0.00000000e+00 1.00000000e+00
9.99905592e-01 1.62344774e-05 1.37407184e-02 6.28938239e-01
-1.50505583e-05 9.99999996e-01 -8.62647751e-05 5.58537898e-06
-1.37407197e-02 8.60498255e-05 9.99905588e-01 6.35112450e-01
0.00000000e+00 0.00000000e+00 0.00000000e+00 1.00000000e+00
4.10790454e-01 -1.10755376e-01 -9.04977596e-01 -3.80838055e-01
9.29646839e-02 9.92508936e-01 -7.92690300e-02 6.72982796e-03
9.06977822e-01 -5.15679953e-02 4.18009535e-01 7.56738932e-01
0.00000000e+00 0.00000000e+00 0.00000000e+00 1.00000000e+00
-1.31667440e-01 9.88763713e-01 7.07813834e-02 4.16444683e-02
9.17036176e-01 9.43782010e-02 3.87475687e-01 -3.84871301e-01
3.76441679e-01 1.15927021e-01 -9.19158630e-01 9.30500436e-01
0.00000000e+00 0.00000000e+00 0.00000000e+00 1.00000000e+00
9.99904588e-01 3.22956575e-05 1.38135459e-02 6.28948958e-01
-3.16892388e-05 9.99999999e-01 -4.41191721e-05 1.17593047e-05
-1.38135473e-02 4.36772219e-05 9.99904587e-01 6.35140324e-01
0.00000000e+00 0.00000000e+00 0.00000000e+00 1.00000000e+00
3.40497250e-01 -1.28106753e-01 -9.31477473e-01 -4.44442996e-01
1.19779420e-01 9.88513176e-01 -9.21661047e-02 8.66289434e-03
9.32584856e-01 -8.01895261e-02 3.51930570e-01 6.79419089e-01
0.00000000e+00 0.00000000e+00 0.00000000e+00 1.00000000e+00
-1.55572608e-01 9.85171226e-01 7.23520475e-02 7.47258555e-02
9.17536913e-01 1.16980554e-01 3.80054685e-01 -4.01711197e-01
3.65955157e-01 1.25511773e-01 -9.22129936e-01 9.80715527e-01
0.00000000e+00 0.00000000e+00 0.00000000e+00 1.00000000e+00
9.99903610e-01 4.40725792e-05 1.38841167e-02 6.28960259e-01
-4.43669887e-05 9.99999999e-01 2.08967588e-05 1.64629180e-05
-1.38841158e-02 -2.15107410e-05 9.99903611e-01 6.35166605e-01
0.00000000e+00 0.00000000e+00 0.00000000e+00 1.00000000e+00
2.78185563e-01 -1.38445738e-01 -9.50497538e-01 -4.86381180e-01
1.44049821e-01 9.84379952e-01 -1.01221333e-01 1.04134600e-02
9.49664384e-01 -1.08760687e-01 2.93783375e-01 6.05290284e-01
0.00000000e+00 0.00000000e+00 0.00000000e+00 1.00000000e+00
-1.74565040e-01 9.82718985e-01 6.15665722e-02 1.00460146e-01
9.17761712e-01 1.39737468e-01 3.71734958e-01 -4.13951696e-01
3.56707844e-01 1.21395371e-01 -9.26295136e-01 1.01646704e+00
0.00000000e+00 0.00000000e+00 0.00000000e+00 1.00000000e+00
9.99903268e-01 4.99786497e-05 1.39087267e-02 6.28964909e-01
-5.07059026e-05 9.99999997e-01 5.19348899e-05 1.88146714e-05
-1.39087240e-02 -5.26351206e-05 9.99903268e-01 6.35175764e-01
0.00000000e+00 0.00000000e+00 0.00000000e+00 1.00000000e+00
2.74668388e-01 -1.38905612e-01 -9.51452841e-01 -4.88376895e-01
1.45477746e-01 9.84122839e-01 -1.01678237e-01 1.05164146e-02
9.50470148e-01 -1.10487417e-01 2.90515109e-01 6.00920944e-01
0.00000000e+00 0.00000000e+00 0.00000000e+00 1.00000000e+00
-1.77184888e-01 9.82215087e-01 6.21211648e-02 1.03705778e-01
9.17943249e-01 1.42166707e-01 3.70363091e-01 -4.15006622e-01
3.54944654e-01 1.22646446e-01 -9.26807500e-01 1.01974656e+00
0.00000000e+00 0.00000000e+00 0.00000000e+00 1.00000000e+00
9.99903151e-01 5.32563645e-05 1.39171109e-02 6.28965753e-01
-5.41910582e-05 9.99999996e-01 6.67843764e-05 2.01077983e-05
-1.39171073e-02 -6.75320914e-05 9.99903150e-01 6.35178890e-01
0.00000000e+00 0.00000000e+00 0.00000000e+00 1.00000000e+00
2.74621211e-01 -1.38875833e-01 -9.51470805e-01 -4.88381325e-01
1.45441848e-01 9.84129607e-01 -1.01664079e-01 1.05138301e-02
9.50489274e-01 -1.10464560e-01 2.90461223e-01 6.00921020e-01
0.00000000e+00 0.00000000e+00 0.00000000e+00 1.00000000e+00
-1.77186683e-01 9.82417008e-01 5.88362325e-02 1.03818936e-01
9.20944902e-01 1.44423228e-01 3.61942562e-01 -4.15629555e-01
3.47081210e-01 1.18316330e-01 -9.30341808e-01 1.02158926e+00
0.00000000e+00 0.00000000e+00 0.00000000e+00 1.00000000e+00
9.99903162e-01 5.28537897e-05 1.39163217e-02 6.28965480e-01
-5.38753818e-05 9.99999996e-01 7.30347477e-05 1.99906220e-05
-1.39163178e-02 -7.37774223e-05 9.99903161e-01 6.35178597e-01
0.00000000e+00 0.00000000e+00 0.00000000e+00 1.00000000e+00
2.74616109e-01 -1.38872261e-01 -9.51472799e-01 -4.88382487e-01
1.45432384e-01 9.84131025e-01 -1.01663889e-01 1.05131487e-02
9.50492196e-01 -1.10456416e-01 2.90454757e-01 6.00919317e-01
0.00000000e+00 0.00000000e+00 0.00000000e+00 1.00000000e+00
-1.76839220e-01 9.82474961e-01 5.89138401e-02 1.03995524e-01
9.19461105e-01 1.43547635e-01 3.66040097e-01 -4.15530046e-01
3.51168288e-01 1.18899230e-01 -9.28732365e-01 1.02200950e+00
0.00000000e+00 0.00000000e+00 0.00000000e+00 1.00000000e+00
9.99903424e-01 5.30476014e-05 1.38974677e-02 6.28964963e-01
-5.38743327e-05 9.99999997e-01 5.91135463e-05 1.99905733e-05
-1.38974645e-02 -5.98565541e-05 9.99903424e-01 6.35175218e-01
0.00000000e+00 0.00000000e+00 0.00000000e+00 1.00000000e+00
2.75294956e-01 -1.41292737e-01 -9.50920107e-01 -4.88021441e-01
1.43871378e-01 9.84056495e-01 -1.04565010e-01 7.79711078e-03
9.50533384e-01 -1.08023967e-01 2.91233770e-01 6.01304545e-01
0.00000000e+00 0.00000000e+00 0.00000000e+00 1.00000000e+00
-1.76905643e-01 9.82561404e-01 5.72492812e-02 1.03888801e-01
9.18971087e-01 1.44069375e-01 3.67064240e-01 -4.15442879e-01
3.52415287e-01 1.17546170e-01 -9.28432207e-01 1.02165053e+00
0.00000000e+00 0.00000000e+00 0.00000000e+00 1.00000000e+00
9.99903334e-01 5.30476894e-05 1.39039301e-02 6.28964323e-01
-5.38748029e-05 9.99999997e-01 5.91131981e-05 1.99906420e-05
-1.39039269e-02 -5.98565554e-05 9.99903334e-01 6.35175677e-01
0.00000000e+00 0.00000000e+00 0.00000000e+00 1.00000000e+00
2.83227599e-01 -1.92764638e-01 -9.39480666e-01 -4.72290104e-01
8.68844303e-02 9.80721400e-01 -1.75033231e-01 -6.78141465e-02
9.55109011e-01 -3.20520006e-02 2.94515613e-01 6.12743260e-01
0.00000000e+00 0.00000000e+00 0.00000000e+00 1.00000000e+00
-1.15818948e-01 9.33500032e-01 -3.39357718e-01 8.76642839e-02
9.51042776e-01 2.02782652e-01 2.33231290e-01 -4.24860378e-01
2.86537275e-01 -2.95731103e-01 -9.11284536e-01 1.05186339e+00
0.00000000e+00 0.00000000e+00 0.00000000e+00 1.00000000e+00
9.99903388e-01 4.97452735e-05 1.39000716e-02 6.28963862e-01
-5.07057303e-05 9.99999996e-01 6.87448394e-05 1.88147117e-05
-1.39000682e-02 -6.94430111e-05 9.99903387e-01 6.35174239e-01
0.00000000e+00 0.00000000e+00 0.00000000e+00 1.00000000e+00
3.05469742e-01 -2.41359298e-01 -9.21104731e-01 -4.41983292e-01
3.56757421e-02 9.69563759e-01 -2.42225841e-01 -1.45299272e-01
9.51533225e-01 4.11315704e-02 3.04783064e-01 6.24172799e-01
0.00000000e+00 0.00000000e+00 0.00000000e+00 1.00000000e+00
-4.90744885e-02 9.40043345e-01 -3.37505857e-01 5.90214206e-02
9.59608489e-01 1.38099183e-01 2.45112553e-01 -4.23842687e-01
2.77025707e-01 -3.11844713e-01 -9.08850721e-01 1.03236574e+00
0.00000000e+00 0.00000000e+00 0.00000000e+00 1.00000000e+00
9.99903585e-01 4.98786984e-05 1.38859314e-02 6.28963241e-01
-5.07050534e-05 9.99999997e-01 5.91581776e-05 1.88146937e-05
-1.38859284e-02 -5.98565608e-05 9.99903584e-01 6.35171796e-01
0.00000000e+00 0.00000000e+00 0.00000000e+00 1.00000000e+00
3.76475605e-01 -4.88744875e-01 -7.87016242e-01 1.43239322e-01
1.85752030e-01 8.72089713e-01 -4.52720352e-01 -3.10341966e-01
9.07613520e-01 2.42483037e-02 4.19105855e-01 6.98749539e-01
0.00000000e+00 0.00000000e+00 0.00000000e+00 1.00000000e+00
-2.72460420e-02 8.68509417e-01 -4.94923273e-01 -6.69948802e-02
8.92371565e-01 2.44250067e-01 3.79492945e-01 -2.79240298e-01
4.50478239e-01 -4.31315774e-01 -7.81687955e-01 5.60845320e-01
0.00000000e+00 0.00000000e+00 0.00000000e+00 1.00000000e+00
9.99905418e-01 3.45661803e-05 1.37533382e-02 6.28948997e-01
-3.48587558e-05 9.99999999e-01 2.10333319e-05 1.29353341e-05
-1.37533374e-02 -2.15107668e-05 9.99905418e-01 6.35122366e-01
0.00000000e+00 0.00000000e+00 0.00000000e+00 1.00000000e+00
3.03402975e-01 -5.16596608e-01 -8.00671330e-01 1.86693023e-01
2.25325520e-01 8.55345825e-01 -4.66488939e-01 -2.63660183e-01
9.25837483e-01 -3.88775517e-02 3.75916867e-01 7.03729403e-01
0.00000000e+00 0.00000000e+00 0.00000000e+00 1.00000000e+00
-9.42225252e-02 8.49471094e-01 -5.19154096e-01 -2.61177183e-02
9.10715790e-01 2.84190176e-01 2.99721026e-01 -2.26066259e-01
4.02142842e-01 -4.44561361e-01 -8.00403855e-01 5.20843070e-01
0.00000000e+00 0.00000000e+00 0.00000000e+00 1.00000000e+00
9.99905661e-01 3.01658000e-05 1.37356178e-02 6.28947237e-01
-3.03267417e-05 9.99999999e-01 1.15088203e-05 1.12536906e-05
-1.37356175e-02 -1.19242911e-05 9.99905662e-01 6.35115758e-01
0.00000000e+00 0.00000000e+00 0.00000000e+00 1.00000000e+00
2.33316280e-01 -5.36030983e-01 -8.11316398e-01 2.11116274e-01
2.46892949e-01 8.39657647e-01 -4.83755007e-01 -2.23581948e-01
9.40535691e-01 -8.74403796e-02 3.28248069e-01 7.06784219e-01
0.00000000e+00 0.00000000e+00 0.00000000e+00 1.00000000e+00
-1.44852901e-01 8.36835250e-01 -5.27943560e-01 9.21250374e-03
9.25187534e-01 3.03713350e-01 2.27565877e-01 -1.80899375e-01
3.50778655e-01 -4.55483222e-01 -8.18223300e-01 4.96724844e-01
0.00000000e+00 0.00000000e+00 0.00000000e+00 1.00000000e+00
9.99905798e-01 2.82791776e-05 1.37256482e-02 6.28945847e-01
-2.85205109e-05 9.99999999e-01 1.73869121e-05 1.05834139e-05
-1.37256477e-02 -1.77767367e-05 9.99905799e-01 6.35112044e-01
0.00000000e+00 0.00000000e+00 0.00000000e+00 1.00000000e+00
2.20166395e-01 -5.39084564e-01 -8.12966538e-01 2.14460038e-01
2.49541885e-01 8.36810935e-01 -4.87315409e-01 -2.16493514e-01
9.43003503e-01 -9.55787255e-02 3.18761825e-01 7.07229153e-01
0.00000000e+00 0.00000000e+00 0.00000000e+00 1.00000000e+00
-1.61375455e-01 8.37175158e-01 -5.22585608e-01 1.89004834e-02
9.29753310e-01 3.06532865e-01 2.03951917e-01 -1.69123977e-01
3.30933142e-01 -4.52962865e-01 -8.27833255e-01 4.92956955e-01
0.00000000e+00 0.00000000e+00 0.00000000e+00 1.00000000e+00
9.99906056e-01 2.83593513e-05 1.37069055e-02 6.28943638e-01
-2.85201323e-05 1.00000000e+00 1.15344534e-05 1.05834491e-05
-1.37069051e-02 -1.19242926e-05 9.99906056e-01 6.35107892e-01
0.00000000e+00 0.00000000e+00 0.00000000e+00 1.00000000e+00
2.20202683e-01 -5.39131172e-01 -8.12925801e-01 2.14462727e-01
2.49579089e-01 8.36781429e-01 -4.87347021e-01 -2.16492052e-01
9.42985184e-01 -9.55741596e-02 3.18817382e-01 7.07231852e-01
0.00000000e+00 0.00000000e+00 0.00000000e+00 1.00000000e+00
-1.61135027e-01 8.37126461e-01 -5.22737785e-01 1.88830725e-02
9.29631737e-01 3.06589706e-01 2.04420119e-01 -1.69084716e-01
3.31391515e-01 -4.53014394e-01 -8.27621667e-01 4.92938893e-01
0.00000000e+00 0.00000000e+00 0.00000000e+00 1.00000000e+00
9.99905817e-01 2.82745824e-05 1.37243027e-02 6.28945746e-01
-2.85205201e-05 9.99999999e-01 1.77241439e-05 1.05834174e-05
-1.37243022e-02 -1.81138989e-05 9.99905817e-01 6.35111542e-01
0.00000000e+00 0.00000000e+00 0.00000000e+00 1.00000000e+00
1.80155668e-01 -5.30385479e-01 -8.28393131e-01 1.96618970e-01
2.52143767e-01 8.38934356e-01 -4.82299354e-01 -2.17872835e-01
9.50772032e-01 -1.21985202e-01 2.84872172e-01 7.09461558e-01
0.00000000e+00 0.00000000e+00 0.00000000e+00 1.00000000e+00
-1.80777709e-01 8.35078837e-01 -5.19579403e-01 2.06327331e-02
9.34842006e-01 3.10041669e-01 1.73045043e-01 -1.55413311e-01
3.05597519e-01 -4.54441965e-01 -8.36715398e-01 5.11204687e-01
0.00000000e+00 0.00000000e+00 0.00000000e+00 1.00000000e+00
9.99905942e-01 2.83592525e-05 1.37151920e-02 6.28945472e-01
-2.85201290e-05 1.00000000e+00 1.15342170e-05 1.05833968e-05
-1.37151917e-02 -1.19242912e-05 9.99905942e-01 6.35110975e-01
0.00000000e+00 0.00000000e+00 0.00000000e+00 1.00000000e+00
6.01100960e-02 -5.01349221e-01 -8.63154526e-01 1.41908255e-01
2.70501934e-01 8.40543239e-01 -4.69378064e-01 -2.16021458e-01
9.60841028e-01 -2.05270608e-01 1.86141068e-01 7.14088663e-01
0.00000000e+00 0.00000000e+00 0.00000000e+00 1.00000000e+00
-2.57049206e-01 8.35554157e-01 -4.85566635e-01 3.13474298e-02
9.41762171e-01 3.29308334e-01 6.81177961e-02 -1.00919254e-01
2.16817247e-01 -4.39778663e-01 -8.71541743e-01 5.75281443e-01
0.00000000e+00 0.00000000e+00 0.00000000e+00 1.00000000e+00
9.99905980e-01 2.28654258e-05 1.37124124e-02 6.28943925e-01
-2.29742053e-05 1.00000000e+00 7.77539942e-06 8.52540604e-06
-1.37124122e-02 -8.08970016e-06 9.99905980e-01 6.35109432e-01
0.00000000e+00 0.00000000e+00 0.00000000e+00 1.00000000e+00
-1.23828145e-01 -4.49047429e-01 -8.84885867e-01 5.06748561e-02
3.33745529e-01 8.20951393e-01 -4.63306306e-01 -1.89559677e-01
9.34494790e-01 -3.52697062e-01 4.82106835e-02 7.13534891e-01
0.00000000e+00 0.00000000e+00 0.00000000e+00 1.00000000e+00
-3.81553690e-01 8.03714948e-01 -4.56573175e-01 6.40390392e-02
9.17767604e-01 3.88225394e-01 -8.35683438e-02 -4.75869983e-03
1.10088173e-01 -4.50913879e-01 -8.85752374e-01 6.47048034e-01
0.00000000e+00 0.00000000e+00 0.00000000e+00 1.00000000e+00
9.99905907e-01 1.32258847e-05 1.37177686e-02 6.28943127e-01
-1.34671180e-05 1.00000000e+00 1.74930857e-05 4.99737394e-06
-1.37177684e-02 -1.76761785e-05 9.99905907e-01 6.35109120e-01
0.00000000e+00 0.00000000e+00 0.00000000e+00 1.00000000e+00
-2.63891771e-01 -4.14347281e-01 -8.71020932e-01 -4.00767174e-02
4.33102579e-01 7.55977031e-01 -4.90836922e-01 -1.08001350e-01
8.61848763e-01 -5.06769237e-01 -2.00412413e-02 6.93013029e-01
0.00000000e+00 0.00000000e+00 0.00000000e+00 1.00000000e+00
-5.29346849e-01 7.40032879e-01 -4.14901496e-01 1.63161618e-01
8.47140265e-01 4.87739285e-01 -2.10864321e-01 1.02898298e-01
4.63172284e-02 -4.63100127e-01 -8.85094903e-01 6.91097422e-01
0.00000000e+00 0.00000000e+00 0.00000000e+00 1.00000000e+00
9.99906032e-01 -8.88116027e-06 1.37086593e-02 6.28939864e-01
8.71685970e-06 1.00000000e+00 1.20449180e-05 -3.23482873e-06
-1.37086594e-02 -1.19242897e-05 9.99906032e-01 6.35105741e-01
0.00000000e+00 0.00000000e+00 0.00000000e+00 1.00000000e+00
-2.05967374e-01 -4.42887629e-01 -8.72598412e-01 -4.80931945e-02
4.22524970e-01 7.64059086e-01 -4.87530884e-01 -1.16953190e-02
8.82638142e-01 -4.69110074e-01 2.97598384e-02 6.48363300e-01
0.00000000e+00 0.00000000e+00 0.00000000e+00 1.00000000e+00
-5.25850497e-01 7.99970242e-01 -2.89013610e-01 2.84813869e-01
8.48972726e-01 5.14490436e-01 -1.20602250e-01 7.66993563e-02
5.22165270e-02 -3.08783425e-01 -9.49697968e-01 6.51052555e-01
0.00000000e+00 0.00000000e+00 0.00000000e+00 1.00000000e+00
9.99906062e-01 -2.86376473e-05 1.37064677e-02 6.28938202e-01
2.85240761e-05 1.00000000e+00 8.48145088e-06 -1.05851029e-05
-1.37064679e-02 -8.08968982e-06 9.99906062e-01 6.35104934e-01
0.00000000e+00 0.00000000e+00 0.00000000e+00 1.00000000e+00
-7.17991461e-02 -3.61364640e-01 -9.29656108e-01 -2.81602618e-03
2.35013391e-01 8.99690189e-01 -3.67867192e-01 1.81135509e-02
9.69336675e-01 -2.44894184e-01 2.03285420e-02 5.96839482e-01
0.00000000e+00 0.00000000e+00 0.00000000e+00 1.00000000e+00
-2.92456888e-01 9.08631177e-01 -2.98091183e-01 2.36742504e-01
9.46023772e-01 3.20433778e-01 4.85923535e-02 -5.00420151e-02
1.39671011e-01 -2.67790177e-01 -9.53299759e-01 6.19007898e-01
0.00000000e+00 0.00000000e+00 0.00000000e+00 1.00000000e+00
9.99906150e-01 -4.46159988e-05 1.36999643e-02 6.28934933e-01
4.43696487e-05 9.99999999e-01 1.82857513e-05 -1.64654415e-05
-1.36999651e-02 -1.76761726e-05 9.99906151e-01 6.35102528e-01
0.00000000e+00 0.00000000e+00 0.00000000e+00 1.00000000e+00
-3.69236256e-02 -1.93216528e-01 -9.80461126e-01 2.45694377e-02
4.28265330e-02 9.79922822e-01 -1.94723269e-01 8.68044904e-03
9.98399987e-01 -4.91796398e-02 -2.79075094e-02 5.56945464e-01
0.00000000e+00 0.00000000e+00 0.00000000e+00 1.00000000e+00
-1.20133210e-01 9.63929100e-01 -2.37505162e-01 8.65843080e-02
9.92330167e-01 1.23615476e-01 -2.32644437e-04 -1.11882604e-01
2.91350608e-02 -2.35711486e-01 -9.71386249e-01 6.36620901e-01
0.00000000e+00 0.00000000e+00 0.00000000e+00 1.00000000e+00
9.99906173e-01 -5.73462681e-05 1.36982141e-02 6.28933304e-01
5.70462286e-05 9.99999998e-01 2.22942793e-05 -2.11697381e-05
-1.36982153e-02 -2.15107561e-05 9.99906175e-01 6.35101886e-01
0.00000000e+00 0.00000000e+00 0.00000000e+00 1.00000000e+00
-5.13015132e-02 -8.28876276e-02 -9.95237558e-01 3.29814775e-02
-5.31193478e-02 9.95365604e-01 -8.01601487e-02 -9.26099650e-04
9.97269517e-01 4.87540330e-02 -5.54666984e-02 5.36102285e-01
0.00000000e+00 0.00000000e+00 0.00000000e+00 1.00000000e+00
-2.22681188e-02 9.97350047e-01 -6.92604855e-02 -1.30024886e-02
9.99243702e-01 2.44122461e-02 3.02665704e-02 -1.17361992e-01
3.18771694e-02 -6.85341244e-02 -9.97139368e-01 6.33041921e-01
0.00000000e+00 0.00000000e+00 0.00000000e+00 1.00000000e+00
9.99906208e-01 -6.05420561e-05 1.36956726e-02 6.28931401e-01
6.02155148e-05 9.99999998e-01 2.42550253e-05 -2.23459201e-05
-1.36956740e-02 -2.34280584e-05 9.99906210e-01 6.35100950e-01
0.00000000e+00 0.00000000e+00 0.00000000e+00 1.00000000e+00
-6.60335246e-02 -2.62115902e-02 -9.97473070e-01 3.55773688e-02
-9.59286127e-02 9.95191247e-01 -1.98010766e-02 -6.03290892e-03
9.93195487e-01 9.43786729e-02 -6.82304272e-02 5.26008952e-01
0.00000000e+00 0.00000000e+00 0.00000000e+00 1.00000000e+00
2.76097711e-02 9.99129374e-01 3.12761031e-02 -6.98314474e-02
9.99605066e-01 -2.77597501e-02 4.37121763e-03 -1.12996234e-01
5.23562874e-03 3.11430628e-02 -9.99501225e-01 6.26514148e-01
0.00000000e+00 0.00000000e+00 0.00000000e+00 1.00000000e+00
9.99906208e-01 -6.29196307e-05 1.36956731e-02 6.28931402e-01
6.27241597e-05 9.99999998e-01 1.47020059e-05 -2.32768868e-05
-1.36956740e-02 -1.38415774e-05 9.99906210e-01 6.35100950e-01
0.00000000e+00 0.00000000e+00 0.00000000e+00 1.00000000e+00
-6.59576530e-02 -2.62421066e-02 -9.97477288e-01 3.55780415e-02
-9.58328424e-02 9.95199593e-01 -1.98452884e-02 -6.02492345e-03
9.93209774e-01 9.42821351e-02 -6.81558851e-02 5.26020521e-01
0.00000000e+00 0.00000000e+00 0.00000000e+00 1.00000000e+00
2.77590564e-02 9.99073466e-01 3.28883546e-02 -6.97838109e-02
9.99605497e-01 -2.78845161e-02 3.36212376e-03 -1.12970134e-01
4.27608449e-03 3.27820507e-02 -9.99453377e-01 6.26247564e-01
0.00000000e+00 0.00000000e+00 0.00000000e+00 1.00000000e+00
9.99906120e-01 -6.29193623e-05 1.37020872e-02 6.28931619e-01
6.25924423e-05 9.99999998e-01 2.42879819e-05 -2.32279578e-05
-1.37020887e-02 -2.34280546e-05 9.99906122e-01 6.35102269e-01
0.00000000e+00 0.00000000e+00 0.00000000e+00 1.00000000e+00
-5.03722103e-02 -3.53454315e-02 -9.98104875e-01 3.85387702e-02
-1.05787577e-01 9.93940352e-01 -2.98590832e-02 -6.28856794e-03
9.93112093e-01 1.04083028e-01 -5.38060800e-02 5.26013893e-01
0.00000000e+00 0.00000000e+00 0.00000000e+00 1.00000000e+00
3.34448719e-02 9.98992593e-01 2.99205613e-02 -6.77267352e-02
9.99273032e-01 -3.28761530e-02 -1.93019515e-02 -1.17533590e-01
-1.82988337e-02 3.05443614e-02 -9.99365896e-01 6.26000444e-01
0.00000000e+00 0.00000000e+00 0.00000000e+00 1.00000000e+00
9.99906161e-01 -6.28871443e-05 1.36990998e-02 6.28931815e-01
6.25923225e-05 9.99999998e-01 2.19500034e-05 -2.32279367e-05
-1.36991012e-02 -2.10904852e-05 9.99906163e-01 6.35102228e-01
0.00000000e+00 0.00000000e+00 0.00000000e+00 1.00000000e+00
1.27242969e-01 -1.17434412e-01 -9.84895114e-01 7.05365923e-02
-1.94917084e-01 9.70643923e-01 -1.40917367e-01 -5.68076019e-03
9.72531006e-01 2.09903628e-01 1.00617641e-01 5.24113234e-01
0.00000000e+00 0.00000000e+00 0.00000000e+00 1.00000000e+00
1.41125245e-01 9.84957774e-01 -9.97088224e-02 -3.28153847e-02
9.69130206e-01 -1.16881747e-01 2.17083625e-01 -2.14671468e-01
2.02164063e-01 -1.27266811e-01 -9.71047296e-01 5.66273530e-01
0.00000000e+00 0.00000000e+00 0.00000000e+00 1.00000000e+00
9.99906167e-01 -6.05421266e-05 1.36986822e-02 6.28931628e-01
6.02155123e-05 9.99999998e-01 2.42552065e-05 -2.23459065e-05
-1.36986837e-02 -2.34280574e-05 9.99906168e-01 6.35102073e-01
0.00000000e+00 0.00000000e+00 0.00000000e+00 1.00000000e+00
4.88827269e-01 -8.78617117e-03 -8.72336348e-01 3.29632738e-01
-3.15338056e-02 9.99117845e-01 -2.77335738e-02 -2.25581928e-03
8.71810484e-01 4.10650119e-02 4.88118986e-01 7.53819216e-01
0.00000000e+00 0.00000000e+00 0.00000000e+00 1.00000000e+00
-3.94003456e-02 9.98188592e-01 4.54658869e-02 -5.71238795e-02
8.77954076e-01 1.28562721e-02 4.78572207e-01 -1.13470195e-01
4.77120795e-01 5.87728710e-02 -8.76870285e-01 3.00857263e-01
0.00000000e+00 0.00000000e+00 0.00000000e+00 1.00000000e+00
9.99902885e-01 3.50643859e-05 1.39362422e-02 6.28982287e-01
-3.48575893e-05 9.99999999e-01 -1.50816670e-05 1.29340960e-05
-1.39362428e-02 1.45944185e-05 9.99902886e-01 6.35202924e-01
0.00000000e+00 0.00000000e+00 0.00000000e+00 1.00000000e+00
5.10287212e-01 -7.54606686e-02 -8.56687019e-01 3.37510888e-01
-3.54348421e-02 9.93452209e-01 -1.08614363e-01 4.52412773e-03
8.59273724e-01 8.57810898e-02 5.04272022e-01 7.46094347e-01
0.00000000e+00 0.00000000e+00 0.00000000e+00 1.00000000e+00
1.21610331e-02 9.98890323e-01 -4.54997983e-02 -3.54513786e-02
8.59604443e-01 1.28018103e-02 5.10799682e-01 -1.20744994e-01
5.10815339e-01 -4.53236806e-02 -8.58494877e-01 2.98749226e-01
0.00000000e+00 0.00000000e+00 0.00000000e+00 1.00000000e+00
9.99902998e-01 3.49352037e-05 1.39281388e-02 6.28981926e-01
-3.48575590e-05 9.99999999e-01 -5.81742837e-06 1.29341061e-05
-1.39281390e-02 5.33136314e-06 9.99902999e-01 6.35200912e-01
0.00000000e+00 0.00000000e+00 0.00000000e+00 1.00000000e+00
7.43379481e-01 5.95230146e-02 -6.66216150e-01 4.28638554e-02
1.97018325e-01 -9.71329154e-01 1.33054326e-01 3.49737152e-01
-6.39195375e-01 -2.30166646e-01 -7.33793287e-01 1.23854570e-01
0.00000000e+00 0.00000000e+00 0.00000000e+00 1.00000000e+00
-1.60579161e-01 -9.86411784e-01 3.47293199e-02 -1.53459108e-01
-6.27937665e-01 1.29243153e-01 7.67457162e-01 -5.82764624e-02
-7.61517315e-01 1.01429779e-01 -6.40158870e-01 8.33695757e-01
0.00000000e+00 0.00000000e+00 0.00000000e+00 1.00000000e+00
9.99905401e-01 -7.46723631e-05 1.37543826e-02 6.28973597e-01
7.52660528e-05 9.99999996e-01 -4.26460399e-05 -2.79288348e-05
-1.37543794e-02 4.36772437e-05 9.99905403e-01 6.35149219e-01
0.00000000e+00 0.00000000e+00 0.00000000e+00 1.00000000e+00
7.40749267e-01 1.86717403e-02 -6.71522070e-01 3.22792353e-02
1.78541329e-01 -9.69135135e-01 1.70000249e-01 3.41453809e-01
-6.47621431e-01 -2.45822002e-01 -7.21219818e-01 1.15713623e-01
0.00000000e+00 0.00000000e+00 0.00000000e+00 1.00000000e+00
-1.77753600e-01 -9.84067622e-01 -3.81752008e-03 -1.02216465e-01
-6.39856992e-01 1.12629273e-01 7.60195814e-01 -6.11782442e-02
-7.47654123e-01 1.37570209e-01 -6.49682807e-01 8.57554017e-01
0.00000000e+00 0.00000000e+00 0.00000000e+00 1.00000000e+00
9.99905454e-01 -7.77359702e-05 1.37505289e-02 6.28973308e-01
7.84346610e-05 9.99999996e-01 -5.02726454e-05 -2.91047485e-05
-1.37505249e-02 5.13464104e-05 9.99905456e-01 6.35147781e-01
0.00000000e+00 0.00000000e+00 0.00000000e+00 1.00000000e+00
7.40740640e-01 1.88142226e-02 -6.71527609e-01 3.22834263e-02
1.78647759e-01 -9.69131624e-01 1.69908424e-01 3.41474557e-01
-6.47601947e-01 -2.45824977e-01 -7.21236299e-01 1.15726705e-01
0.00000000e+00 0.00000000e+00 0.00000000e+00 1.00000000e+00
-1.77263847e-01 -9.84157366e-01 -3.43628808e-03 -1.02434358e-01
-6.40953075e-01 1.12795799e-01 7.59247169e-01 -6.12797705e-02
-7.46831094e-01 1.36789574e-01 -6.50793307e-01 8.58603503e-01
0.00000000e+00 0.00000000e+00 0.00000000e+00 1.00000000e+00
9.99905557e-01 -7.77360984e-05 1.37430101e-02 6.28973300e-01
7.84344112e-05 9.99999996e-01 -5.02732352e-05 -2.91047305e-05
-1.37430062e-02 5.13464122e-05 9.99905559e-01 6.35147240e-01
0.00000000e+00 0.00000000e+00 0.00000000e+00 1.00000000e+00
7.40740814e-01 1.88113008e-02 -6.71527499e-01 3.22831915e-02
1.78645603e-01 -9.69131687e-01 1.69910334e-01 3.41474386e-01
-6.47602343e-01 -2.45824954e-01 -7.21235951e-01 1.15726677e-01
0.00000000e+00 0.00000000e+00 0.00000000e+00 1.00000000e+00
-1.76879797e-01 -9.84225996e-01 -3.56747779e-03 -1.02055837e-01
-6.40627742e-01 1.12376941e-01 7.59583781e-01 -6.12124694e-02
-7.47201201e-01 1.36640450e-01 -6.50399687e-01 8.58195110e-01
0.00000000e+00 0.00000000e+00 0.00000000e+00 1.00000000e+00
9.99905456e-01 -7.74262118e-05 1.37503504e-02 6.28973246e-01
7.80781279e-05 9.99999996e-01 -4.68740546e-05 -2.89724575e-05
-1.37503467e-02 4.79432245e-05 9.99905458e-01 6.35147715e-01
0.00000000e+00 0.00000000e+00 0.00000000e+00 1.00000000e+00
4.55004774e-01 -4.26223481e-02 -8.89468375e-01 -2.49793767e-01
-7.00570554e-01 5.99461686e-01 -3.87100228e-01 -5.19251433e-01
5.49701332e-01 7.99267804e-01 2.42897967e-01 5.18411855e-01
0.00000000e+00 0.00000000e+00 0.00000000e+00 1.00000000e+00
7.54189459e-01 6.55975633e-01 -2.99036572e-02 -4.52494542e-01
5.85163354e-01 -6.50716031e-01 4.83893063e-01 -1.01698529e-01
2.97963269e-01 -3.82445571e-01 -8.74616073e-01 9.62309224e-01
0.00000000e+00 0.00000000e+00 0.00000000e+00 1.00000000e+00
9.99905037e-01 3.86332723e-05 1.37809849e-02 6.28967357e-01
-3.80276883e-05 9.99999998e-01 -4.42054919e-05 1.41106295e-05
-1.37809866e-02 4.36772350e-05 9.99905037e-01 6.35153536e-01
0.00000000e+00 0.00000000e+00 0.00000000e+00 1.00000000e+00
4.55029799e-01 -4.26572640e-02 -8.89453900e-01 -2.49783743e-01
-7.00525368e-01 5.99496351e-01 -3.87128317e-01 -5.19238486e-01
5.49738202e-01 7.99239941e-01 2.42906209e-01 5.18452158e-01
0.00000000e+00 0.00000000e+00 0.00000000e+00 1.00000000e+00
7.54597590e-01 6.55756618e-01 -2.37851670e-02 -4.53255518e-01
5.80856204e-01 -6.50666512e-01 4.89120803e-01 -1.01515306e-01
3.05267992e-01 -3.82905141e-01 -8.71891682e-01 9.61604468e-01
0.00000000e+00 0.00000000e+00 0.00000000e+00 1.00000000e+00
9.99904800e-01 3.86337037e-05 1.37981969e-02 6.28966828e-01
-3.80273587e-05 9.99999998e-01 -4.42061465e-05 1.41106265e-05
-1.37981986e-02 4.36772290e-05 9.99904799e-01 6.35154301e-01
0.00000000e+00 0.00000000e+00 0.00000000e+00 1.00000000e+00
4.54989773e-01 -4.27302278e-02 -8.89470873e-01 -2.49783355e-01
-7.00508431e-01 5.99514542e-01 -3.87130794e-01 -5.19237808e-01
5.49792910e-01 7.99222398e-01 2.42840101e-01 5.18460409e-01
0.00000000e+00 0.00000000e+00 0.00000000e+00 1.00000000e+00
7.55112959e-01 6.55011879e-01 -2.76379734e-02 -4.53122575e-01
5.81690465e-01 -6.49949681e-01 4.89082421e-01 -1.01638752e-01
3.02391503e-01 -3.85389220e-01 -8.71799592e-01 9.62380327e-01
0.00000000e+00 0.00000000e+00 0.00000000e+00 1.00000000e+00
9.99904761e-01 3.70065516e-05 1.38010217e-02 6.28966831e-01
-3.64398563e-05 9.99999998e-01 -4.13132985e-05 1.35215884e-05
-1.38010232e-02 4.08064566e-05 9.99904761e-01 6.35154504e-01
0.00000000e+00 0.00000000e+00 0.00000000e+00 1.00000000e+00
4.54993358e-01 -4.27214319e-02 -8.89469462e-01 -2.49782782e-01
-7.00505072e-01 5.99520986e-01 -3.87126894e-01 -5.19237043e-01
5.49794224e-01 7.99218035e-01 2.42851486e-01 5.18462434e-01
0.00000000e+00 0.00000000e+00 0.00000000e+00 1.00000000e+00
7.54814828e-01 6.55427374e-01 -2.58753209e-02 -4.53070638e-01
5.81790084e-01 -6.50749829e-01 4.87898513e-01 -1.01482917e-01
3.02943681e-01 -3.83327038e-01 -8.72516767e-01 9.61798689e-01
0.00000000e+00 0.00000000e+00 0.00000000e+00 1.00000000e+00
9.99904800e-01 3.85980994e-05 1.37981970e-02 6.28966828e-01
-3.80272939e-05 9.99999998e-01 -4.16304835e-05 1.41106219e-05
-1.37981986e-02 4.11018121e-05 9.99904799e-01 6.35154301e-01
0.00000000e+00 0.00000000e+00 0.00000000e+00 1.00000000e+00
4.88324994e-01 -2.47730946e-03 -8.72658331e-01 -2.00704904e-01
-6.56446060e-01 6.57850417e-01 -3.69203737e-01 -5.30732316e-01
5.74993279e-01 7.53144536e-01 3.19618581e-01 5.48149682e-01
0.00000000e+00 0.00000000e+00 0.00000000e+00 1.00000000e+00
7.09206572e-01 7.04819659e-01 1.59777092e-02 -5.04410464e-01
6.06188321e-01 -6.21219119e-01 4.96611040e-01 -1.14706150e-01
3.59946883e-01 -3.42514313e-01 -8.67826127e-01 9.05255765e-01
0.00000000e+00 0.00000000e+00 0.00000000e+00 1.00000000e+00
9.99904742e-01 3.55438966e-05 1.38023450e-02 6.28967568e-01
-3.48582732e-05 9.99999998e-01 -4.99149896e-05 1.29346537e-05
-1.38023468e-02 4.94291089e-05 9.99904742e-01 6.35155845e-01
0.00000000e+00 0.00000000e+00 0.00000000e+00 1.00000000e+00
5.24766685e-01 3.61509926e-02 -8.50478120e-01 -1.14663182e-01
-5.60140162e-01 7.66982512e-01 -3.13018889e-01 -5.29599980e-01
6.40985901e-01 6.40648836e-01 4.22736493e-01 5.96559674e-01
0.00000000e+00 0.00000000e+00 0.00000000e+00 1.00000000e+00
5.99065013e-01 7.98245663e-01 6.26495891e-02 -5.58746809e-01
6.66579003e-01 -5.40539096e-01 5.13312691e-01 -1.38746826e-01
4.43614181e-01 -2.65746773e-01 -8.55911859e-01 7.96215854e-01
0.00000000e+00 0.00000000e+00 0.00000000e+00 1.00000000e+00
9.99904726e-01 2.92051979e-05 1.38035793e-02 6.28967661e-01
-2.85201168e-05 9.99999998e-01 -4.98275350e-05 1.05827656e-05
-1.38035807e-02 4.94291080e-05 9.99904725e-01 6.35156305e-01
0.00000000e+00 0.00000000e+00 0.00000000e+00 1.00000000e+00
5.03586412e-01 8.55764916e-03 -8.63902478e-01 2.70249475e-02
-3.01326263e-01 9.38898608e-01 -1.66348691e-01 -4.59869995e-01
8.09693281e-01 3.44087446e-01 4.75395226e-01 6.69418596e-01
0.00000000e+00 0.00000000e+00 0.00000000e+00 1.00000000e+00
3.23501094e-01 9.45370898e-01 4.02605058e-02 -5.28381445e-01
8.08273302e-01 -2.98208689e-01 5.07706457e-01 -1.83969219e-01
