3.43847262e-01 1.45866321e-04 -9.39025579e-01 3.28746168e-01
-8.14594602e-05 9.99999989e-01 1.25509581e-04 -2.28112038e-05
9.39025587e-01 3.33363912e-05 3.43847270e-01 6.97427063e-01
0.00000000e+00 0.00000000e+00 0.00000000e+00 1.00000000e+00
3.43853414e-01 1.38046691e-04 -9.39023328e-01 3.28746942e-01
-8.14597621e-05 9.99999990e-01 1.17181830e-04 -2.28112441e-05
9.39023335e-01 3.61992445e-05 3.43853422e-01 6.97425467e-01
0.00000000e+00 0.00000000e+00 0.00000000e+00 1.00000000e+00
3.43860411e-01 1.53512698e-04 -9.39020763e-01 3.28747405e-01
-8.14599788e-05 9.99999988e-01 1.33651820e-04 -2.28112574e-05
9.39020772e-01 3.05350415e-05 3.43860420e-01 6.97425332e-01
0.00000000e+00 0.00000000e+00 0.00000000e+00 1.00000000e+00
2.87480841e-01 -1.85920419e-03 -9.57784584e-01 2.81851580e-01
4.94082015e-04 9.99998271e-01 -1.79284768e-03 5.40994015e-04
9.57786261e-01 4.21852200e-05 2.87481262e-01 7.14157966e-01
0.00000000e+00 0.00000000e+00 0.00000000e+00 1.00000000e+00
2.07057281e-01 -4.66330677e-03 -9.78317707e-01 2.15760536e-01
9.15556641e-04 9.99989125e-01 -4.57283289e-03 1.01446571e-03
9.78328393e-01 5.11330714e-05 2.07059299e-01 7.27617527e-01
0.00000000e+00 0.00000000e+00 0.00000000e+00 1.00000000e+00
5.81555023e-02 -9.74783258e-03 -9.98259945e-01 1.00951016e-01
5.14641101e-04 9.99952487e-01 -9.73437858e-03 9.82630460e-04
9.98307404e-01 5.23620793e-05 5.81577558e-02 7.23824826e-01
0.00000000e+00 0.00000000e+00 0.00000000e+00 1.00000000e+00
-1.12268587e-01 -1.55435000e-02 -9.93556321e-01 -9.69953240e-03
-1.77244909e-03 9.99879192e-01 -1.54421360e-02 -1.52676077e-04
9.93676317e-01 2.73612113e-05 -1.12282574e-01 6.81628030e-01
0.00000000e+00 0.00000000e+00 0.00000000e+00 1.00000000e+00
-2.03371959e-01 -1.86809494e-02 -9.78923321e-01 -5.64583805e-02
-3.79720970e-03 9.99825496e-01 -1.82909562e-02 -1.05170880e-03
9.79094187e-01 -2.69046029e-06 -2.03407405e-01 6.46195152e-01
0.00000000e+00 0.00000000e+00 0.00000000e+00 1.00000000e+00
-2.80677534e-01 -2.13662427e-02 -9.59564279e-01 -8.80869489e-02
-5.97327679e-03 9.99771715e-01 -2.05143115e-02 -1.87481366e-03
9.59783539e-01 -2.61633234e-05 -2.80741086e-01 6.10903905e-01
0.00000000e+00 0.00000000e+00 0.00000000e+00 1.00000000e+00
-2.91428355e-01 -2.17572264e-02 -9.56345198e-01 -9.18564523e-02
-6.31167645e-03 9.99763283e-01 -2.08216391e-02 -1.99045874e-03
9.56571836e-01 -3.18745720e-05 -2.91496694e-01 6.05670107e-01
0.00000000e+00 0.00000000e+00 0.00000000e+00 1.00000000e+00
-2.91427519e-01 -2.17588470e-02 -9.56345415e-01 -9.18563953e-02
-6.31106140e-03 9.99763248e-01 -2.08235208e-02 -1.99026936e-03
9.56572094e-01 -3.29923608e-05 -2.91495844e-01 6.05670126e-01
0.00000000e+00 0.00000000e+00 0.00000000e+00 1.00000000e+00
3.34018582e-01 2.47872907e-02 -9.42240509e-01 -3.16877276e-01
8.85399614e-06 9.99654074e-01 2.63007941e-02 2.54456870e-05
9.42566489e-01 -8.79329652e-03 3.33902817e-01 8.14461488e-01
0.00000000e+00 0.00000000e+00 0.00000000e+00 1.00000000e+00
3.34021871e-01 2.47740929e-02 -9.42239690e-01 -3.16877040e-01
1.67492768e-05 9.99654368e-01 2.62896215e-02 2.57942789e-05
9.42565324e-01 -8.79709037e-03 3.33906007e-01 8.14461404e-01
0.00000000e+00 0.00000000e+00 0.00000000e+00 1.00000000e+00
3.33549748e-01 1.56566469e-02 -9.42602480e-01 -3.19472758e-01
-2.06177666e-03 9.99871806e-01 1.58783104e-02 -6.05083216e-03
9.42730245e-01 -3.35277064e-03 3.33539269e-01 8.13149102e-01
0.00000000e+00 0.00000000e+00 0.00000000e+00 1.00000000e+00
3.36507160e-01 -5.03815563e-02 -9.40332191e-01 -3.34597290e-01
-1.97511394e-02 9.97970470e-01 -6.05378672e-02 -5.42197870e-02
9.41473751e-01 3.89440580e-02 3.34829115e-01 8.02376726e-01
0.00000000e+00 0.00000000e+00 0.00000000e+00 1.00000000e+00
3.52691569e-01 -1.50936957e-01 -9.23486162e-01 -3.42221623e-01
-4.46874661e-02 9.83062148e-01 -1.77740943e-01 -1.34856116e-01
9.34671968e-01 1.03955989e-01 3.39972742e-01 7.82867922e-01
0.00000000e+00 0.00000000e+00 0.00000000e+00 1.00000000e+00
4.19398128e-01 -3.26273939e-01 -8.47142566e-01 -2.99162861e-01
-7.21471545e-02 9.18248039e-01 -3.89378128e-01 -2.91440013e-01
9.04930936e-01 2.24423384e-01 3.61571772e-01 7.37185370e-01
0.00000000e+00 0.00000000e+00 0.00000000e+00 1.00000000e+00
2.28332983e-01 -7.12734048e-01 -6.63230146e-01 -8.44813991e-02
-2.31744951e-01 6.21856827e-01 -7.48056391e-01 -4.97827575e-01
9.45599454e-01 3.24506185e-01 -2.31820928e-02 6.45175840e-01
0.00000000e+00 0.00000000e+00 0.00000000e+00 1.00000000e+00
2.28332979e-01 -7.12727577e-01 -6.63237100e-01 -8.44814060e-02
-2.31745556e-01 6.21863919e-01 -7.48050308e-01 -4.97826606e-01
9.45599306e-01 3.24506806e-01 -2.31794077e-02 6.45177428e-01
0.00000000e+00 0.00000000e+00 0.00000000e+00 1.00000000e+00
3.01505210e-01 -6.26654890e-01 -7.18608556e-01 -7.51281136e-02
-9.68444772e-02 7.29656186e-01 -6.76921707e-01 -4.35754450e-01
9.48533476e-01 2.73688692e-01 1.59307077e-01 7.17727063e-01
0.00000000e+00 0.00000000e+00 0.00000000e+00 1.00000000e+00
3.87899797e-01 -5.19356276e-01 -7.61447835e-01 -5.91219252e-02
4.59598414e-02 8.36003953e-01 -5.46795286e-01 -3.52620641e-01
9.20554963e-01 1.77105759e-01 3.48155296e-01 7.87660285e-01
0.00000000e+00 0.00000000e+00 0.00000000e+00 1.00000000e+00
5.62973956e-01 -2.86616562e-01 -7.75184669e-01 -8.31342894e-03
2.77723099e-01 9.49005887e-01 -1.49190171e-01 -1.51724920e-01
7.78415188e-01 -1.31296508e-01 6.13865638e-01 8.78672523e-01
0.00000000e+00 0.00000000e+00 0.00000000e+00 1.00000000e+00
8.93639659e-01 1.57147629e-01 -4.20372196e-01 2.36277060e-01
4.27369687e-01 -1.20883644e-02 9.03996141e-01 4.36052666e-01
1.36979238e-01 -9.87501136e-01 -7.79627749e-02 6.18895556e-01
0.00000000e+00 0.00000000e+00 0.00000000e+00 1.00000000e+00
9.09543771e-01 1.77408783e-01 -3.75840727e-01 2.77116398e-01
4.15270140e-01 -3.51473091e-01 8.39057434e-01 4.91945320e-01
1.67582558e-02 -9.19234894e-01 -3.93352731e-01 4.70011536e-01
0.00000000e+00 0.00000000e+00 0.00000000e+00 1.00000000e+00
9.09764731e-01 1.88683135e-01 -3.69765884e-01 2.94232412e-01
4.10716320e-01 -5.38577402e-01 7.35694561e-01 5.06442760e-01
-6.03343929e-02 -8.21177847e-01 -5.67473968e-01 3.69440905e-01
0.00000000e+00 0.00000000e+00 0.00000000e+00 1.00000000e+00
9.07155268e-01 1.95489096e-01 -3.72630289e-01 2.99682025e-01
4.09093227e-01 -6.17107389e-01 6.72176466e-01 5.07662417e-01
-9.85497348e-02 -7.62208950e-01 -6.39785484e-01 3.20656080e-01
0.00000000e+00 0.00000000e+00 0.00000000e+00 1.00000000e+00
