-1.77475446e-02 -1.80707085e-04 -9.99842484e-01 2.97759631e-01
3.18867150e-05 9.99999983e-01 -1.81301551e-04 2.75643048e-05
9.99842499e-01 -3.50993497e-05 -1.77475385e-02 7.06126936e-01
0.00000000e+00 0.00000000e+00 0.00000000e+00 1.00000000e+00
-1.77522193e-02 -1.77286116e-04 -9.99842401e-01 2.97758947e-01
3.18632248e-05 9.99999984e-01 -1.77879790e-04 2.79516239e-05
9.99842416e-01 -3.50159643e-05 -1.77522133e-02 7.06128337e-01
0.00000000e+00 0.00000000e+00 0.00000000e+00 1.00000000e+00
-7.13259510e-02 -1.72949190e-04 -9.97453046e-01 2.45856209e-01
2.73593761e-05 9.99999984e-01 -1.75347222e-04 2.31785010e-05
9.97453061e-01 -3.97965004e-05 -7.13259451e-02 7.18113075e-01
0.00000000e+00 0.00000000e+00 0.00000000e+00 1.00000000e+00
-1.35982537e-01 -1.70308676e-04 -9.90711220e-01 1.83491292e-01
4.44744859e-05 9.99999983e-01 -1.78009922e-04 2.01469486e-05
9.90711233e-01 -6.82676130e-05 -1.35982527e-01 7.22624186e-01
0.00000000e+00 0.00000000e+00 0.00000000e+00 1.00000000e+00
-1.46326402e-01 2.04324753e-05 -9.89236364e-01 -5.50110765e-01
-3.46355546e-05 9.99999999e-01 2.57780368e-05 6.50915004e-07
9.89236364e-01 3.80347574e-05 -1.46326401e-01 5.05547446e-01
0.00000000e+00 0.00000000e+00 0.00000000e+00 1.00000000e+00
-1.08796988e-01 2.85205099e-05 -9.94063989e-01 -5.70135295e-01
-3.16211455e-05 9.99999999e-01 3.21516478e-05 7.68346556e-06
9.94063989e-01 3.49314445e-05 -1.08796987e-01 4.55932560e-01
0.00000000e+00 0.00000000e+00 0.00000000e+00 1.00000000e+00
-7.93026830e-02 2.80335345e-05 -9.96850582e-01 -5.79368487e-01
-3.22949302e-05 9.99999999e-01 3.06912687e-05 1.14724041e-05
9.96850582e-01 3.46271199e-05 -7.93026820e-02 4.15001772e-01
0.00000000e+00 0.00000000e+00 0.00000000e+00 1.00000000e+00
-7.93314084e-02 2.81709675e-05 -9.96848297e-01 -5.79366342e-01
-3.22816855e-05 9.99999999e-01 3.08290832e-05 1.15506868e-05
9.96848297e-01 3.46256578e-05 -7.93314074e-02 4.15022237e-01
0.00000000e+00 0.00000000e+00 0.00000000e+00 1.00000000e+00
-7.93602934e-02 2.80361126e-05 -9.96845998e-01 -5.79368258e-01
-3.22910968e-05 9.99999999e-01 3.06955574e-05 1.14725748e-05
9.96845998e-01 3.46252591e-05 -7.93602924e-02 4.15022876e-01
0.00000000e+00 0.00000000e+00 0.00000000e+00 1.00000000e+00
-7.93599452e-02 3.31465775e-05 -9.96846025e-01 -5.79368459e-01
-3.22911816e-05 9.99999999e-01 3.58221861e-05 1.14725742e-05
9.96846025e-01 3.50321828e-05 -7.93599441e-02 4.15021764e-01
0.00000000e+00 0.00000000e+00 0.00000000e+00 1.00000000e+00
-7.93582410e-02 6.35365329e-05 -9.96846159e-01 -5.79367982e-01
-2.66911837e-05 9.99999997e-01 6.58624177e-05 3.29719807e-05
9.96846161e-01 3.18337296e-05 -7.93582391e-02 4.15023513e-01
0.00000000e+00 0.00000000e+00 0.00000000e+00 1.00000000e+00
-5.41987985e-02 9.97005451e-02 -9.93540282e-01 -5.66966611e-01
6.81883364e-02 9.93049590e-01 9.59315503e-02 8.11397082e-02
9.96199197e-01 -6.25484842e-02 -6.06205090e-02 4.37460745e-01
0.00000000e+00 0.00000000e+00 0.00000000e+00 1.00000000e+00
-1.06210461e-02 1.98484315e-01 -9.80046514e-01 -5.38053724e-01
1.30866224e-01 9.71947913e-01 1.95425908e-01 1.67530945e-01
9.91343142e-01 -1.26179359e-01 -3.62979965e-02 4.61871733e-01
0.00000000e+00 0.00000000e+00 0.00000000e+00 1.00000000e+00
1.26048610e-01 3.77782012e-01 -9.17274495e-01 -4.14829897e-01
2.05701153e-01 8.94599483e-01 3.96709970e-01 3.36835874e-01
9.70463180e-01 -2.38689162e-01 3.50528256e-02 5.16289801e-01
0.00000000e+00 0.00000000e+00 0.00000000e+00 1.00000000e+00
2.75735791e-01 5.36651931e-01 -7.97480080e-01 -1.83648012e-01
1.46550112e-01 7.96473503e-01 5.86645569e-01 4.44554129e-01
9.49996231e-01 -2.78629975e-01 1.40969851e-01 5.78399112e-01
0.00000000e+00 0.00000000e+00 0.00000000e+00 1.00000000e+00
2.93179870e-01 6.55686552e-01 -6.95787834e-01 1.05828313e-03
1.45290757e-02 7.24628249e-01 6.88986797e-01 4.25777745e-01
9.55946897e-01 -2.12106214e-01 2.02919896e-01 6.18587224e-01
0.00000000e+00 0.00000000e+00 0.00000000e+00 1.00000000e+00
2.52335079e-01 7.20397223e-01 -6.46030069e-01 7.88247550e-02
-5.98022152e-02 6.77968741e-01 7.32654135e-01 3.85278767e-01
9.65790196e-01 -1.46240310e-01 2.14156646e-01 6.34963606e-01
0.00000000e+00 0.00000000e+00 0.00000000e+00 1.00000000e+00
2.02339735e-01 7.65321934e-01 -6.11016341e-01 1.22978493e-01
-1.06808749e-01 6.37445957e-01 7.63056055e-01 3.47753103e-01
9.73473432e-01 -8.91346690e-02 2.10723724e-01 6.44406748e-01
0.00000000e+00 0.00000000e+00 0.00000000e+00 1.00000000e+00
1.90516998e-01 7.73884006e-01 -6.03992400e-01 1.30516770e-01
-1.15063106e-01 6.28624330e-01 7.69150137e-01 3.39730285e-01
9.74917307e-01 -7.70389338e-02 2.08809117e-01 6.46040565e-01
0.00000000e+00 0.00000000e+00 0.00000000e+00 1.00000000e+00
1.89398008e-01 7.70862089e-01 -6.08194076e-01 1.29514389e-01
-1.21104939e-01 6.33014928e-01 7.64608197e-01 3.37422483e-01
9.74403401e-01 -7.11599627e-02 2.13246973e-01 6.48654969e-01
0.00000000e+00 0.00000000e+00 0.00000000e+00 1.00000000e+00
1.76516629e-01 6.73828087e-01 -7.17493964e-01 1.03609031e-01
-2.79520073e-01 7.33245743e-01 6.19854184e-01 2.71585970e-01
9.43774554e-01 9.11393940e-02 3.17778542e-01 7.09989938e-01
0.00000000e+00 0.00000000e+00 0.00000000e+00 1.00000000e+00
1.72423744e-01 5.44479758e-01 -8.20860430e-01 7.55874089e-02
-4.34583463e-01 7.89900940e-01 4.32658893e-01 1.88847447e-01
8.83972435e-01 2.82131703e-01 3.72819576e-01 7.60695926e-01
0.00000000e+00 0.00000000e+00 0.00000000e+00 1.00000000e+00
2.56712868e-01 -5.18100606e-01 -8.15886184e-01 -2.65508919e-02
-9.49850067e-01 2.07161316e-02 -3.12018735e-01 -4.13829140e-01
1.78559101e-01 8.55068772e-01 -4.86799798e-01 6.22951414e-01
0.00000000e+00 0.00000000e+00 0.00000000e+00 1.00000000e+00
3.57657302e-01 1.14599262e-01 -9.26794618e-01 -8.63565821e-03
-7.75493784e-01 -5.16473403e-01 -3.63131678e-01 -5.14614332e-01
-5.20279392e-01 8.48600161e-01 -9.58494683e-02 3.71711336e-01
0.00000000e+00 0.00000000e+00 0.00000000e+00 1.00000000e+00
3.57657277e-01 1.14594873e-01 -9.26795170e-01 -8.63566446e-03
-7.75494112e-01 -5.16474602e-01 -3.63129270e-01 -5.14614416e-01
-5.20278919e-01 8.48600024e-01 -9.58532506e-02 3.71711558e-01
0.00000000e+00 0.00000000e+00 0.00000000e+00 1.00000000e+00
3.99662752e-01 2.15547845e-02 -9.16408793e-01 -8.22906225e-02
-8.65057585e-03 9.99767668e-01 1.97427870e-02 1.78462243e-03
9.16621433e-01 3.70071784e-05 3.99756359e-01 9.16155840e-01
0.00000000e+00 0.00000000e+00 0.00000000e+00 1.00000000e+00
3.95429623e-01 2.13829322e-02 -9.18247343e-01 -7.69801776e-02
-8.49119207e-03 9.99771358e-01 1.96247497e-02 1.65649352e-03
9.18457028e-01 3.68071832e-05 3.95520778e-01 9.18336656e-01
0.00000000e+00 0.00000000e+00 0.00000000e+00 1.00000000e+00
3.58629781e-01 1.92163920e-02 -9.33282064e-01 -3.07104698e-02
-6.92790328e-03 9.99815347e-01 1.79241537e-02 5.94723578e-04
9.33454168e-01 3.75525284e-05 3.58696689e-01 9.32330596e-01
0.00000000e+00 0.00000000e+00 0.00000000e+00 1.00000000e+00
3.01029053e-01 1.60108716e-02 -9.53480551e-01 4.28315780e-02
-4.85495494e-03 9.99871817e-01 1.52570881e-02 -6.90788885e-04
9.53602611e-01 3.62783205e-05 3.01068198e-01 9.37834857e-01
0.00000000e+00 0.00000000e+00 0.00000000e+00 1.00000000e+00
1.91217790e-01 1.00593566e-02 -9.81496086e-01 1.71685427e-01
-1.95180479e-03 9.99949403e-01 9.86822873e-03 -1.74677376e-03
9.81545693e-01 2.87078696e-05 1.91227749e-01 8.96882672e-01
0.00000000e+00 0.00000000e+00 0.00000000e+00 1.00000000e+00
8.41834283e-02 4.37942429e-03 -9.96440651e-01 2.63293234e-01
-3.70513855e-04 9.99990410e-01 4.36372318e-03 -1.18214236e-03
9.96450206e-01 1.84188960e-06 8.41842436e-02 8.04139864e-01
0.00000000e+00 0.00000000e+00 0.00000000e+00 1.00000000e+00
3.43172105e-02 1.76654980e-03 -9.99409430e-01 2.89587091e-01
-4.26686205e-05 9.99998439e-01 1.76612580e-03 -5.39781931e-04
9.99410990e-01 -1.79650891e-05 3.43172323e-02 7.48427005e-01
0.00000000e+00 0.00000000e+00 0.00000000e+00 1.00000000e+00
-2.56788244e-03 -1.79085264e-04 -9.99996687e-01 3.01352788e-01
3.31840782e-05 9.99999983e-01 -1.79171067e-04 2.61455770e-05
9.99996702e-01 -3.36440585e-05 -2.56787646e-03 7.03945773e-01
0.00000000e+00 0.00000000e+00 0.00000000e+00 1.00000000e+00
-2.54496652e-03 -1.76082318e-04 -9.99996746e-01 3.01350300e-01
3.31935066e-05 9.99999984e-01 -1.76167365e-04 2.52412039e-05
9.99996761e-01 -3.36417386e-05 -2.54496064e-03 7.03968687e-01
0.00000000e+00 0.00000000e+00 0.00000000e+00 1.00000000e+00
