-1.41132352e-01 9.89392347e-05 -9.89990732e-01 -4.46092439e-02
2.54004621e-05 9.99999995e-01 9.63184848e-05 3.01219797e-06
9.89990737e-01 -1.15525678e-05 -1.41132353e-01 6.01847498e-01
0.00000000e+00 0.00000000e+00 0.00000000e+00 1.00000000e+00
-1.41132352e-01 9.89392347e-05 -9.89990732e-01 -4.46092439e-02
2.54004621e-05 9.99999995e-01 9.63184848e-05 3.01219797e-06
9.89990737e-01 -1.15525678e-05 -1.41132353e-01 6.01847498e-01
0.00000000e+00 0.00000000e+00 0.00000000e+00 1.00000000e+00
-1.41132352e-01 9.89392347e-05 -9.89990732e-01 -4.46092439e-02
2.54004621e-05 9.99999995e-01 9.63184848e-05 3.01219797e-06
9.89990737e-01 -1.15525678e-05 -1.41132353e-01 6.01847498e-01
0.00000000e+00 0.00000000e+00 0.00000000e+00 1.00000000e+00
-1.21874456e-01 8.47232179e-05 -9.92545520e-01 -3.68437529e-02
1.23327055e-05 9.99999996e-01 8.38451981e-05 1.89838737e-06
9.92545524e-01 -2.02218368e-06 -1.21874457e-01 6.12431634e-01
0.00000000e+00 0.00000000e+00 0.00000000e+00 1.00000000e+00
-5.80075859e-02 9.48588408e-05 -9.98316138e-01 -5.92619559e-03
9.52446345e-06 9.99999995e-01 9.44654160e-05 7.33389243e-07
9.98316142e-01 -4.02871484e-06 -5.80075865e-02 6.45297095e-01
0.00000000e+00 0.00000000e+00 0.00000000e+00 1.00000000e+00
3.19455067e-02 8.06174972e-05 -9.99489609e-01 5.01286156e-02
4.13568389e-07 9.99999997e-01 8.06718828e-05 -4.61312882e-07
9.99489612e-01 -2.99046148e-06 3.19455066e-02 6.83556121e-01
0.00000000e+00 0.00000000e+00 0.00000000e+00 1.00000000e+00
1.67336086e-01 7.12404691e-05 -9.85899908e-01 1.57596903e-01
-1.59223609e-05 9.99999997e-01 6.95568412e-05 1.59058660e-06
9.85899911e-01 4.05848457e-06 1.67336087e-01 7.16179643e-01
0.00000000e+00 0.00000000e+00 0.00000000e+00 1.00000000e+00
2.61706767e-01 6.93393065e-05 -9.65147431e-01 2.44420361e-01
-4.77688354e-05 9.99999997e-01 5.88903591e-05 5.43387703e-06
9.65147432e-01 3.06919633e-05 2.61706770e-01 7.15999557e-01
0.00000000e+00 0.00000000e+00 0.00000000e+00 1.00000000e+00
3.20450682e-01 7.32355304e-05 -9.47265198e-01 3.01219406e-01
-6.38648555e-05 9.99999996e-01 5.57077297e-05 8.10592530e-06
9.47265198e-01 4.26453750e-05 3.20450686e-01 7.04579560e-01
0.00000000e+00 0.00000000e+00 0.00000000e+00 1.00000000e+00
3.49397983e-01 6.32651334e-05 -9.36974410e-01 3.29564983e-01
-6.03309250e-05 9.99999997e-01 4.50232464e-05 1.46249678e-05
9.36974410e-01 4.07975013e-05 3.49397986e-01 6.95476514e-01
0.00000000e+00 0.00000000e+00 0.00000000e+00 1.00000000e+00
3.49415955e-01 7.64259099e-05 -9.36967707e-01 3.29564052e-01
-7.19847880e-05 9.99999996e-01 5.47225649e-05 1.08914125e-05
9.36967708e-01 4.83264845e-05 3.49415959e-01 6.95469140e-01
0.00000000e+00 0.00000000e+00 0.00000000e+00 1.00000000e+00
