9.99999997e-01 1.00970981e-08 -8.13017498e-05 -3.74020920e-01
-1.02104573e-09 9.99999994e-01 1.11634157e-04 7.35152926e-11
8.13017504e-05 -1.11634157e-04 9.99999990e-01 6.29957325e-01
0.00000000e+00 0.00000000e+00 0.00000000e+00 1.00000000e+00
9.99999998e-01 6.94797266e-09 -5.57651906e-05 -3.74019791e-01
-1.25731445e-09 9.99999995e-01 1.02046781e-04 9.05266405e-11
5.57651911e-05 -1.02046780e-04 9.99999993e-01 6.29964037e-01
0.00000000e+00 0.00000000e+00 0.00000000e+00 1.00000000e+00
9.99999999e-01 6.95014544e-09 -5.09954220e-05 -3.74015607e-01
-1.25731445e-09 9.99999994e-01 1.11634157e-04 9.05266405e-11
5.09954225e-05 -1.11634157e-04 9.99999992e-01 6.29965821e-01
0.00000000e+00 0.00000000e+00 0.00000000e+00 1.00000000e+00
9.99999999e-01 6.31486796e-09 -4.17215763e-05 -3.74010660e-01
-1.25731445e-09 9.99999993e-01 1.21221534e-04 9.05266405e-11
4.17215768e-05 -1.21221533e-04 9.99999992e-01 6.29969290e-01
0.00000000e+00 0.00000000e+00 0.00000000e+00 1.00000000e+00
1.00000000e+00 5.17984520e-09 -2.68951757e-05 -3.73993073e-01
-1.29501998e-09 9.99999990e-01 1.44443197e-04 9.32414388e-11
2.68951762e-05 -1.44443197e-04 9.99999989e-01 6.29977674e-01
0.00000000e+00 0.00000000e+00 0.00000000e+00 1.00000000e+00
9.99999999e-01 6.48245925e-09 -3.18297819e-05 -3.73981396e-01
-7.93019397e-10 9.99999984e-01 1.78745798e-04 5.70973966e-11
3.18297825e-05 -1.78745798e-04 9.99999984e-01 6.29981198e-01
0.00000000e+00 0.00000000e+00 0.00000000e+00 1.00000000e+00
9.99999999e-01 7.34487057e-09 -3.92411521e-05 -3.73976410e-01
-1.04946862e-10 9.99999983e-01 1.84498242e-04 7.55617406e-12
3.92411528e-05 -1.84498242e-04 9.99999982e-01 6.29984410e-01
0.00000000e+00 0.00000000e+00 0.00000000e+00 1.00000000e+00
9.99999998e-01 1.06587120e-08 -6.32052149e-05 -3.73978166e-01
3.96566737e-10 9.99999985e-01 1.74910861e-04 -2.85528050e-11
6.32052158e-05 -1.74910860e-04 9.99999983e-01 6.29981124e-01
0.00000000e+00 0.00000000e+00 0.00000000e+00 1.00000000e+00
9.99999998e-01 1.12430927e-08 -6.39080034e-05 -3.73979174e-01
5.47821762e-10 9.99999983e-01 1.84498242e-04 -3.94431669e-11
6.39080044e-05 -1.84498242e-04 9.99999981e-01 6.29980862e-01
0.00000000e+00 0.00000000e+00 0.00000000e+00 1.00000000e+00
9.99999998e-01 1.12409521e-08 -6.38964007e-05 -3.73979170e-01
5.47821762e-10 9.99999983e-01 1.84498242e-04 -3.94431669e-11
6.38964017e-05 -1.84498242e-04 9.99999981e-01 6.29980866e-01
0.00000000e+00 0.00000000e+00 0.00000000e+00 1.00000000e+00
9.99999999e-01 9.01849383e-09 -5.13822039e-05 -3.73978655e-01
1.65859336e-10 9.99999984e-01 1.78745798e-04 -1.19418722e-11
5.13822047e-05 -1.78745797e-04 9.99999983e-01 6.29982224e-01
0.00000000e+00 0.00000000e+00 0.00000000e+00 1.00000000e+00
9.99999999e-01 7.37923140e-09 -4.15766852e-05 -3.73976048e-01
4.51037962e-10 9.99999982e-01 1.88333178e-04 -3.24747333e-11
4.15766858e-05 -1.88333178e-04 9.99999981e-01 6.29987523e-01
0.00000000e+00 0.00000000e+00 0.00000000e+00 1.00000000e+00
9.99999995e-01 -1.82397834e-08 1.03794200e-04 -3.73966067e-01
-3.69638335e-09 9.99999978e-01 2.11342891e-04 2.66139601e-10
-1.03794202e-04 -2.11342890e-04 9.99999972e-01 6.30028253e-01
0.00000000e+00 0.00000000e+00 0.00000000e+00 1.00000000e+00
9.99999990e-01 -2.23977853e-08 1.42796261e-04 -3.73963801e-01
-6.56771471e-09 9.99999979e-01 2.02844944e-04 4.72875459e-10
-1.42796262e-04 -2.02844943e-04 9.99999969e-01 6.30036356e-01
0.00000000e+00 0.00000000e+00 0.00000000e+00 1.00000000e+00
9.99999986e-01 -2.69764113e-08 1.68770825e-04 -3.73962652e-01
-9.33933422e-09 9.99999977e-01 2.15177859e-04 6.72432064e-10
-1.68770827e-04 -2.15177857e-04 9.99999963e-01 6.30041200e-01
0.00000000e+00 0.00000000e+00 0.00000000e+00 1.00000000e+00
9.99999987e-01 -2.59490579e-08 1.63996387e-04 -3.73962994e-01
-9.33933422e-09 9.99999977e-01 2.15177859e-04 6.72432064e-10
-1.63996389e-04 -2.15177857e-04 9.99999963e-01 6.30039414e-01
0.00000000e+00 0.00000000e+00 0.00000000e+00 1.00000000e+00
9.99999986e-01 -2.53867996e-08 1.65524701e-04 -3.73963730e-01
-8.64350292e-09 9.99999979e-01 2.05590475e-04 6.22332210e-10
-1.65524703e-04 -2.05590474e-04 9.99999965e-01 6.30039986e-01
0.00000000e+00 0.00000000e+00 0.00000000e+00 1.00000000e+00
9.99999987e-01 -2.49138810e-08 1.63224406e-04 -3.73964538e-01
-8.64350292e-09 9.99999979e-01 2.05590475e-04 6.22332210e-10
-1.63224408e-04 -2.05590474e-04 9.99999966e-01 6.30039126e-01
0.00000000e+00 0.00000000e+00 0.00000000e+00 1.00000000e+00
9.99999989e-01 -2.19001662e-08 1.50970889e-04 -3.73970069e-01
-5.45966603e-09 9.99999984e-01 1.81225877e-04 3.93095954e-10
-1.50970891e-04 -1.81225876e-04 9.99999972e-01 6.30032840e-01
0.00000000e+00 0.00000000e+00 0.00000000e+00 1.00000000e+00
9.99999987e-01 -2.28398578e-08 1.58748382e-04 -3.73974237e-01
-2.33096225e-09 9.99999987e-01 1.58557960e-04 1.67829282e-10
-1.58748384e-04 -1.58557959e-04 9.99999975e-01 6.30030190e-01
0.00000000e+00 0.00000000e+00 0.00000000e+00 1.00000000e+00
9.99999986e-01 -2.47473840e-08 1.68335825e-04 -3.73975584e-01
-9.53518016e-10 9.99999988e-01 1.52676364e-04 6.86532971e-11
-1.68335827e-04 -1.52676362e-04 9.99999974e-01 6.30029684e-01
0.00000000e+00 0.00000000e+00 0.00000000e+00 1.00000000e+00
9.99999985e-01 -2.46861770e-08 1.72095582e-04 -3.73975583e-01
1.94608507e-10 9.99999990e-01 1.42313754e-04 -1.40118125e-11
-1.72095583e-04 -1.42313752e-04 9.99999975e-01 6.30029954e-01
0.00000000e+00 0.00000000e+00 0.00000000e+00 1.00000000e+00
9.99999986e-01 -2.43478914e-08 1.69718541e-04 -3.73976392e-01
1.94608507e-10 9.99999990e-01 1.42313754e-04 -1.40118125e-11
-1.69718543e-04 -1.42313752e-04 9.99999975e-01 6.30029065e-01
0.00000000e+00 0.00000000e+00 0.00000000e+00 1.00000000e+00
9.99999985e-01 -2.47822161e-08 1.72788304e-04 -3.73975818e-01
1.92063604e-10 9.99999990e-01 1.42313754e-04 -1.38285795e-11
-1.72788306e-04 -1.42313752e-04 9.99999975e-01 6.30030664e-01
0.00000000e+00 0.00000000e+00 0.00000000e+00 1.00000000e+00
9.99999986e-01 -2.42548681e-08 1.69110016e-04 -3.73975833e-01
1.88186603e-10 9.99999990e-01 1.42313754e-04 -1.35494354e-11
-1.69110018e-04 -1.42313752e-04 9.99999976e-01 6.30029973e-01
0.00000000e+00 0.00000000e+00 0.00000000e+00 1.00000000e+00
9.99999986e-01 -2.40308108e-08 1.67535626e-04 -3.73977137e-01
1.88186603e-10 9.99999990e-01 1.42313754e-04 -1.35494354e-11
-1.67535628e-04 -1.42313752e-04 9.99999976e-01 6.30029385e-01
0.00000000e+00 0.00000000e+00 0.00000000e+00 1.00000000e+00
9.99999987e-01 -2.11517649e-08 1.63573897e-04 -3.73978484e-01
1.88186603e-10 9.99999992e-01 1.28159679e-04 -1.35494354e-11
-1.63573898e-04 -1.28159677e-04 9.99999978e-01 6.30027903e-01
0.00000000e+00 0.00000000e+00 0.00000000e+00 1.00000000e+00
9.99999985e-01 -1.85730641e-08 1.72258325e-04 -3.73980657e-01
-6.56848042e-10 9.99999994e-01 1.11634152e-04 4.72930591e-11
-1.72258326e-04 -1.11634150e-04 9.99999979e-01 6.30031151e-01
0.00000000e+00 0.00000000e+00 0.00000000e+00 1.00000000e+00
9.99999984e-01 -1.40037825e-08 1.78573552e-04 -3.73982354e-01
-1.29062393e-09 9.99999996e-01 8.56476571e-05 9.29249229e-11
-1.78573552e-04 -8.56476560e-05 9.99999980e-01 6.30033513e-01
0.00000000e+00 0.00000000e+00 0.00000000e+00 1.00000000e+00
9.99999986e-01 -1.08733884e-08 1.64733887e-04 -3.73984377e-01
-2.14669457e-09 9.99999997e-01 7.90370648e-05 1.54562009e-10
-1.64733888e-04 -7.90370641e-05 9.99999983e-01 6.30031176e-01
0.00000000e+00 0.00000000e+00 0.00000000e+00 1.00000000e+00
9.99999988e-01 -8.76994588e-09 1.53151578e-04 -3.73985122e-01
-1.86638298e-09 9.99999998e-01 6.94496847e-05 1.34379575e-10
-1.53151578e-04 -6.94496841e-05 9.99999986e-01 6.30030818e-01
0.00000000e+00 0.00000000e+00 0.00000000e+00 1.00000000e+00
9.99999990e-01 -8.31372512e-09 1.43699507e-04 -3.73985153e-01
-1.66616039e-09 9.99999998e-01 6.94496847e-05 1.19963548e-10
-1.43699508e-04 -6.94496842e-05 9.99999987e-01 6.30030122e-01
0.00000000e+00 0.00000000e+00 0.00000000e+00 1.00000000e+00
9.99999989e-01 -8.41103944e-09 1.45100728e-04 -3.73985028e-01
-1.66616039e-09 9.99999998e-01 6.94496847e-05 1.19963548e-10
-1.45100728e-04 -6.94496842e-05 9.99999987e-01 6.30030646e-01
0.00000000e+00 0.00000000e+00 0.00000000e+00 1.00000000e+00
9.99999989e-01 -8.49812471e-09 1.47506049e-04 -3.73985122e-01
-1.74612391e-09 9.99999998e-01 6.94496847e-05 1.25720921e-10
-1.47506049e-04 -6.94496842e-05 9.99999987e-01 6.30030412e-01
0.00000000e+00 0.00000000e+00 0.00000000e+00 1.00000000e+00
9.99999989e-01 -7.77214979e-09 1.46840518e-04 -3.73985122e-01
-2.04375075e-09 9.99999998e-01 6.68473567e-05 1.47150054e-10
-1.46840518e-04 -6.68473563e-05 9.99999987e-01 6.30030364e-01
0.00000000e+00 0.00000000e+00 0.00000000e+00 1.00000000e+00
9.99999992e-01 -6.62660415e-09 1.28800268e-04 -3.73988075e-01
-2.81247695e-09 9.99999997e-01 7.32846382e-05 2.02498340e-10
-1.28800268e-04 -7.32846379e-05 9.99999989e-01 6.30023711e-01
0.00000000e+00 0.00000000e+00 0.00000000e+00 1.00000000e+00
9.99999996e-01 -3.64132072e-09 8.99228969e-05 -3.73992516e-01
-3.46592146e-09 9.99999997e-01 7.90370684e-05 2.49546345e-10
-8.99228969e-05 -7.90370684e-05 9.99999993e-01 6.30010009e-01
0.00000000e+00 0.00000000e+00 0.00000000e+00 1.00000000e+00
1.00000000e+00 4.51418910e-09 9.74452007e-06 -3.74001668e-01
-5.26568252e-09 9.99999997e-01 7.71195943e-05 3.79129142e-10
-9.74451970e-06 -7.71195944e-05 9.99999997e-01 6.29980023e-01
0.00000000e+00 0.00000000e+00 0.00000000e+00 1.00000000e+00
9.99999999e-01 1.06222358e-08 -4.68961912e-05 -3.74008555e-01
-6.55600955e-09 9.99999996e-01 8.67069613e-05 4.72032688e-10
4.68961920e-05 -8.67069609e-05 9.99999995e-01 6.29960542e-01
0.00000000e+00 0.00000000e+00 0.00000000e+00 1.00000000e+00
9.99999997e-01 1.27686756e-08 -8.08268982e-05 -3.74011768e-01
-6.07038667e-09 9.99999997e-01 8.28720273e-05 4.37067840e-10
8.08268989e-05 -8.28720266e-05 9.99999993e-01 6.29950690e-01
0.00000000e+00 0.00000000e+00 0.00000000e+00 1.00000000e+00
9.99999996e-01 1.34500642e-08 -9.16335783e-05 -3.74011867e-01
-5.42205859e-09 9.99999996e-01 8.76098663e-05 3.90388218e-10
9.16335792e-05 -8.76098654e-05 9.99999992e-01 6.29949487e-01
0.00000000e+00 0.00000000e+00 0.00000000e+00 1.00000000e+00
9.99999996e-01 1.44310640e-08 -9.39860493e-05 -3.74011768e-01
-5.13083338e-09 9.99999995e-01 9.89533092e-05 3.69420004e-10
9.39860503e-05 -9.89533083e-05 9.99999991e-01 6.29949743e-01
0.00000000e+00 0.00000000e+00 0.00000000e+00 1.00000000e+00
9.99999996e-01 1.28556602e-08 -8.72051698e-05 -3.74010645e-01
-4.79272200e-09 9.99999996e-01 9.24594057e-05 3.45075984e-10
8.72051706e-05 -9.24594049e-05 9.99999992e-01 6.29952367e-01
0.00000000e+00 0.00000000e+00 0.00000000e+00 1.00000000e+00
9.99999996e-01 1.24111252e-08 -9.08171224e-05 -3.74011387e-01
-4.72536387e-09 9.99999996e-01 8.46289893e-05 3.40226198e-10
9.08171231e-05 -8.46289885e-05 9.99999992e-01 6.29951448e-01
0.00000000e+00 0.00000000e+00 0.00000000e+00 1.00000000e+00
9.99999996e-01 1.43043027e-08 -9.03905315e-05 -3.74011167e-01
-5.08024108e-09 9.99999995e-01 1.02046768e-04 3.65777358e-10
9.03905325e-05 -1.02046767e-04 9.99999991e-01 6.29951674e-01
0.00000000e+00 0.00000000e+00 0.00000000e+00 1.00000000e+00
9.99999996e-01 1.23399433e-08 -8.82538865e-05 -3.74010515e-01
-4.25693587e-09 9.99999996e-01 9.15881177e-05 3.06499383e-10
8.82538873e-05 -9.15881169e-05 9.99999992e-01 6.29954725e-01
0.00000000e+00 0.00000000e+00 0.00000000e+00 1.00000000e+00
9.99999998e-01 6.98435452e-10 -6.61389598e-05 -3.74002841e-01
5.67037214e-09 9.99999995e-01 9.62943415e-05 -4.08266794e-10
6.61389595e-05 -9.62943416e-05 9.99999993e-01 6.29994222e-01
0.00000000e+00 0.00000000e+00 0.00000000e+00 1.00000000e+00
9.99999998e-01 -8.30556080e-10 -6.18947996e-05 -3.74001354e-01
6.43463035e-09 9.99999996e-01 9.05419243e-05 -4.63293385e-10
6.18947992e-05 -9.05419245e-05 9.99999994e-01 6.30000918e-01
0.00000000e+00 0.00000000e+00 0.00000000e+00 1.00000000e+00
9.99999998e-01 -1.04731279e-09 -5.92185092e-05 -3.74002094e-01
6.53819108e-09 9.99999996e-01 9.27223321e-05 -4.70749757e-10
5.92185089e-05 -9.27223323e-05 9.99999994e-01 6.30002307e-01
0.00000000e+00 0.00000000e+00 0.00000000e+00 1.00000000e+00
9.99999998e-01 -1.15397177e-09 -5.72861380e-05 -3.74000945e-01
6.88999277e-09 9.99999995e-01 1.00129302e-04 -4.96079480e-10
5.72861376e-05 -1.00129302e-04 9.99999993e-01 6.30004345e-01
0.00000000e+00 0.00000000e+00 0.00000000e+00 1.00000000e+00
9.99999998e-01 -1.08930385e-09 -5.90099680e-05 -3.74002167e-01
6.43256267e-09 9.99999996e-01 9.05484107e-05 -4.63144512e-10
5.90099676e-05 -9.05484109e-05 9.99999994e-01 6.30001997e-01
0.00000000e+00 0.00000000e+00 0.00000000e+00 1.00000000e+00
9.99973075e-01 4.44323482e-06 -7.33824860e-03 -3.71003793e-01
-5.10059505e-06 9.99999996e-01 -8.95612761e-05 3.67242843e-07
7.33824817e-03 8.95962941e-05 9.99973071e-01 6.41326397e-01
0.00000000e+00 0.00000000e+00 0.00000000e+00 1.00000000e+00
9.99252058e-01 5.67263984e-04 -3.86652702e-02 -3.52873719e-01
-6.69895631e-04 9.99996287e-01 -2.64145858e-03 4.82324854e-05
3.86636282e-02 2.66538462e-03 9.99248728e-01 6.88300955e-01
0.00000000e+00 0.00000000e+00 0.00000000e+00 1.00000000e+00
9.96154665e-01 2.90104162e-03 -8.75640810e-02 -3.08484501e-01
-3.38410500e-03 9.99979862e-01 -5.36873996e-03 2.43655560e-04
8.75467427e-02 5.64442140e-03 9.96144421e-01 7.53811478e-01
0.00000000e+00 0.00000000e+00 0.00000000e+00 1.00000000e+00
9.84448705e-01 1.05259098e-02 -1.75356643e-01 -1.88901361e-01
-1.16746679e-02 9.99916609e-01 -5.52063280e-03 8.40576087e-04
1.75283910e-01 7.48201038e-03 9.84489497e-01 8.34036423e-01
0.00000000e+00 0.00000000e+00 0.00000000e+00 1.00000000e+00
9.71489441e-01 1.67966984e-02 -2.36487075e-01 -8.66438385e-02
-1.74730877e-02 9.99847042e-01 -7.64485770e-04 1.25806232e-03
2.36438062e-01 4.87484926e-03 9.71634334e-01 8.52531937e-01
0.00000000e+00 0.00000000e+00 0.00000000e+00 1.00000000e+00
9.63647545e-01 1.96406869e-02 -2.66453848e-01 -3.40413112e-02
-1.95320836e-02 9.99804554e-01 3.05795468e-03 1.40631002e-03
2.66461831e-01 2.25760832e-03 9.63842827e-01 8.48802800e-01
0.00000000e+00 0.00000000e+00 0.00000000e+00 1.00000000e+00
9.58975523e-01 2.10289063e-02 -2.82707855e-01 -5.92640132e-03
-2.03135745e-02 9.99778740e-01 5.46158403e-03 1.46257736e-03
2.82760154e-01 5.05281662e-04 9.59190513e-01 8.43158701e-01
0.00000000e+00 0.00000000e+00 0.00000000e+00 1.00000000e+00
9.58991619e-01 2.09911803e-02 -2.82656055e-01 -5.94544743e-03
-2.02777825e-02 9.99779533e-01 5.44948150e-03 1.46000034e-03
2.82708129e-01 5.05630917e-04 9.59205848e-01 8.43166078e-01
0.00000000e+00 0.00000000e+00 0.00000000e+00 1.00000000e+00
9.61132883e-01 2.17211806e-02 -2.75230397e-01 5.36360514e-04
-2.09823151e-02 9.99764001e-01 5.62896191e-03 1.51072669e-03
2.75287710e-01 3.64790510e-04 9.61361817e-01 8.43217868e-01
0.00000000e+00 0.00000000e+00 0.00000000e+00 1.00000000e+00
9.82647425e-01 3.70442438e-02 -1.81746424e-01 7.42884452e-02
-3.60190646e-02 9.99311121e-01 8.93928888e-03 2.59337265e-03
1.81952372e-01 -2.23783301e-03 9.83304798e-01 8.38036344e-01
0.00000000e+00 0.00000000e+00 0.00000000e+00 1.00000000e+00
9.95887667e-01 5.35529229e-02 -7.30742002e-02 1.56410345e-01
-5.28178875e-02 9.98532589e-01 1.19557377e-02 3.80288790e-03
7.36072350e-02 -8.04694686e-03 9.97254843e-01 8.17701053e-01
0.00000000e+00 0.00000000e+00 0.00000000e+00 1.00000000e+00
9.88913237e-01 8.08817049e-02 1.24534170e-01 2.88382872e-01
-8.34603211e-02 9.96388652e-01 1.56214423e-02 6.00914312e-03
-1.22820945e-01 -2.58419129e-02 9.92092340e-01 7.45537848e-01
0.00000000e+00 0.00000000e+00 0.00000000e+00 1.00000000e+00
9.51303984e-01 1.00345095e-01 2.91464563e-01 3.75769127e-01
-1.10007841e-01 9.93786827e-01 1.69120532e-02 7.92056456e-03
-2.87956602e-01 -4.81518910e-02 9.56432115e-01 6.53569096e-01
0.00000000e+00 0.00000000e+00 0.00000000e+00 1.00000000e+00
9.19369840e-01 1.08832469e-01 3.78040462e-01 4.09869902e-01
-1.24382116e-01 9.92090793e-01 1.68804040e-02 8.95551236e-03
-3.73213326e-01 -6.25408070e-02 9.25635166e-01 5.96272863e-01
0.00000000e+00 0.00000000e+00 0.00000000e+00 1.00000000e+00
8.90328310e-01 1.14118375e-01 4.40786225e-01 4.28971203e-01
-1.35165195e-01 9.90685189e-01 1.65295900e-02 9.73189401e-03
-4.34794055e-01 -7.42957179e-02 8.97459902e-01 5.51035251e-01
0.00000000e+00 0.00000000e+00 0.00000000e+00 1.00000000e+00
8.90315672e-01 1.14070615e-01 4.40824113e-01 4.28985987e-01
-1.35116062e-01 9.90691873e-01 1.65306646e-02 9.72835644e-03
-4.34835203e-01 -7.42799278e-02 8.97441273e-01 5.51029449e-01
0.00000000e+00 0.00000000e+00 0.00000000e+00 1.00000000e+00
8.90350215e-01 1.14064357e-01 4.40755960e-01 4.28983671e-01
-1.35105417e-01 9.90693235e-01 1.65360216e-02 9.72759004e-03
-4.34767778e-01 -7.42713683e-02 8.97474648e-01 5.51023630e-01
0.00000000e+00 0.00000000e+00 0.00000000e+00 1.00000000e+00
9.02046950e-01 8.31434026e-02 4.23554571e-01 4.20502417e-01
-9.65413193e-02 9.95276376e-01 1.02327740e-02 6.95097499e-03
-4.20703070e-01 -5.01209596e-02 9.05812793e-01 5.58861084e-01
0.00000000e+00 0.00000000e+00 0.00000000e+00 1.00000000e+00
9.27152734e-01 -1.51175883e-02 3.74378508e-01 3.95091147e-01
1.67122771e-02 9.99859827e-01 -1.01331727e-03 -1.20328395e-03
-3.74310711e-01 7.19621725e-03 9.27275421e-01 5.79624799e-01
0.00000000e+00 0.00000000e+00 0.00000000e+00 1.00000000e+00
9.34154667e-01 -2.23832559e-01 2.77946117e-01 3.44487846e-01
2.31024839e-01 9.72922330e-01 7.04727679e-03 -1.66337884e-02
-2.71997394e-01 5.76292105e-02 9.60570816e-01 6.11168873e-01
0.00000000e+00 0.00000000e+00 0.00000000e+00 1.00000000e+00
8.19325363e-01 -5.68402149e-01 7.49996400e-02 2.54894295e-01
5.60391060e-01 8.21588132e-01 1.04665185e-01 -4.03481563e-02
-1.21110730e-01 -4.37257126e-02 9.91675478e-01 6.43502110e-01
0.00000000e+00 0.00000000e+00 0.00000000e+00 1.00000000e+00
6.39076774e-01 -7.51258533e-01 -1.64898436e-01 1.76933113e-01
7.63587876e-01 5.93987800e-01 2.53203572e-01 -5.49783271e-02
-9.22736848e-02 -2.87730968e-01 9.53255714e-01 6.52260297e-01
0.00000000e+00 0.00000000e+00 0.00000000e+00 1.00000000e+00
5.46303587e-01 -7.77317759e-01 -3.11976748e-01 1.35750774e-01
8.27753641e-01 4.44133857e-01 3.42883403e-01 -5.95982621e-02
-1.27969922e-01 -4.45558322e-01 8.86059524e-01 6.50048333e-01
0.00000000e+00 0.00000000e+00 0.00000000e+00 1.00000000e+00
5.00045885e-01 -7.66452451e-01 -4.03118783e-01 1.10792274e-01
8.50121086e-01 3.45721946e-01 3.97203317e-01 -6.12087182e-02
-1.65070446e-01 -5.41319661e-01 8.24454227e-01 6.46288422e-01
0.00000000e+00 0.00000000e+00 0.00000000e+00 1.00000000e+00
5.00039066e-01 -7.66504854e-01 -4.03027594e-01 1.10830943e-01
8.50128846e-01 3.45776995e-01 3.97138785e-01 -6.12092769e-02
-1.65051136e-01 -5.41210290e-01 8.24529893e-01 6.46294597e-01
0.00000000e+00 0.00000000e+00 0.00000000e+00 1.00000000e+00
5.00021220e-01 -7.66506825e-01 -4.03045986e-01 1.10834649e-01
8.50148467e-01 3.45785617e-01 3.97089274e-01 -6.12106896e-02
-1.65004133e-01 -5.41201991e-01 8.24544748e-01 6.46292200e-01
0.00000000e+00 0.00000000e+00 0.00000000e+00 1.00000000e+00
5.00016372e-01 -7.66505774e-01 -4.03054000e-01 1.10832817e-01
8.50154478e-01 3.45788634e-01 3.97073776e-01 -6.12111224e-02
-1.64987850e-01 -5.41201552e-01 8.24548294e-01 6.46290138e-01
0.00000000e+00 0.00000000e+00 0.00000000e+00 1.00000000e+00
4.79679552e-01 -7.55349492e-01 -4.46491514e-01 1.01305884e-01
8.66068510e-01 3.25909062e-01 3.79089198e-01 -6.23569327e-02
-1.40829202e-01 -5.68533577e-01 8.10516322e-01 6.50626986e-01
0.00000000e+00 0.00000000e+00 0.00000000e+00 1.00000000e+00
3.90030976e-01 -7.03000055e-01 -5.94698882e-01 6.49249524e-02
9.18427869e-01 2.50661521e-01 3.06037662e-01 -6.61268066e-02
-6.60763671e-02 -6.65552195e-01 7.43420601e-01 6.64649894e-01
0.00000000e+00 0.00000000e+00 0.00000000e+00 1.00000000e+00
2.21112408e-01 -5.90193926e-01 -7.76389356e-01 5.41231931e-03
9.75242774e-01 1.31123572e-01 1.78067797e-01 -7.02174797e-02
-3.29158676e-03 -7.96541109e-01 6.04575411e-01 6.79491163e-01
0.00000000e+00 0.00000000e+00 0.00000000e+00 1.00000000e+00
-9.85654121e-02 -3.14319213e-01 -9.44186577e-01 -1.09443586e-01
9.93282931e-01 -8.88657805e-02 -7.41073015e-02 -7.15163710e-02
-6.06125284e-02 -9.45148827e-01 3.20967001e-01 6.81942002e-01
0.00000000e+00 0.00000000e+00 0.00000000e+00 1.00000000e+00
-2.81508066e-01 -8.15774648e-02 -9.56084895e-01 -1.97495116e-01
9.34163491e-01 -2.51012612e-01 -2.53636038e-01 -6.72597714e-02
-2.19298382e-01 -9.64540194e-01 1.46868764e-01 6.59684343e-01
0.00000000e+00 0.00000000e+00 0.00000000e+00 1.00000000e+00
-3.39568695e-01 2.68030343e-02 -9.40199287e-01 -2.38453437e-01
8.86080833e-01 -3.26201834e-01 -3.29322215e-01 -6.37978200e-02
-3.15521566e-01 -9.44920082e-01 8.70182760e-02 6.40981190e-01
0.00000000e+00 0.00000000e+00 0.00000000e+00 1.00000000e+00
-3.65854652e-01 9.22972393e-02 -9.26084010e-01 -2.63603411e-01
8.49696708e-01 -3.72838833e-01 -3.72836034e-01 -6.11781630e-02
-3.79691818e-01 -9.23294332e-01 5.79801614e-02 6.26351425e-01
0.00000000e+00 0.00000000e+00 0.00000000e+00 1.00000000e+00
-3.65849042e-01 9.23189438e-02 -9.26084063e-01 -2.63596542e-01
8.49723747e-01 -3.72769832e-01 -3.72843406e-01 -6.11801098e-02
-3.79636710e-01 -9.23320023e-01 5.79318871e-02 6.26349422e-01
0.00000000e+00 0.00000000e+00 0.00000000e+00 1.00000000e+00
-3.65825969e-01 9.23415935e-02 -9.26090919e-01 -2.63599094e-01
8.49737681e-01 -3.72749417e-01 -3.72832061e-01 -6.11811131e-02
-3.79627756e-01 -9.23326000e-01 5.78952849e-02 6.26343264e-01
0.00000000e+00 0.00000000e+00 0.00000000e+00 1.00000000e+00
-3.65763194e-01 9.23549997e-02 -9.26114378e-01 -2.63604407e-01
8.49759279e-01 -3.72752953e-01 -3.72779297e-01 -6.11826681e-02
-3.79639901e-01 -9.23323232e-01 5.78597926e-02 6.26339640e-01
0.00000000e+00 0.00000000e+00 0.00000000e+00 1.00000000e+00
-3.65765528e-01 9.23452531e-02 -9.26114427e-01 -2.63604018e-01
8.49759237e-01 -3.72754691e-01 -3.72777653e-01 -6.11826651e-02
-3.79637744e-01 -9.23323505e-01 5.78695849e-02 6.26341086e-01
0.00000000e+00 0.00000000e+00 0.00000000e+00 1.00000000e+00
-2.49104114e-01 8.93899826e-02 -9.64342559e-01 -2.72919416e-01
9.33363042e-01 -2.43533147e-01 -2.63676009e-01 -6.72021391e-02
-2.58419372e-01 -9.65764483e-01 -2.27681975e-02 6.19964310e-01
0.00000000e+00 0.00000000e+00 0.00000000e+00 1.00000000e+00
-6.02445705e-02 8.08070656e-02 -9.94907438e-01 -2.87897013e-01
9.97281216e-01 -3.75005002e-02 -6.34341262e-02 -7.18042476e-02
-4.24354522e-02 -9.96024061e-01 -7.83281671e-02 6.08003041e-01
0.00000000e+00 0.00000000e+00 0.00000000e+00 1.00000000e+00
3.42293657e-01 5.32398455e-02 -9.38083456e-01 -3.19590865e-01
8.61246185e-01 3.81348072e-01 3.35899772e-01 -6.20097253e-02
3.75619570e-01 -9.22897159e-01 8.46804125e-02 5.85228843e-01
0.00000000e+00 0.00000000e+00 0.00000000e+00 1.00000000e+00
8.03088444e-01 1.50822003e-02 -5.95668934e-01 -3.56131540e-01
3.29535924e-01 8.21644013e-01 4.65088368e-01 -2.37265865e-02
4.96442369e-01 -5.69801406e-01 6.54882685e-01 5.86187644e-01
0.00000000e+00 0.00000000e+00 0.00000000e+00 1.00000000e+00
9.69609920e-01 1.49280816e-03 -2.44651539e-01 -3.70137559e-01
5.60418683e-02 9.72038083e-01 2.28037879e-01 -4.03501452e-03
2.38151029e-01 -2.34818518e-01 9.42414108e-01 6.10929550e-01
0.00000000e+00 0.00000000e+00 0.00000000e+00 1.00000000e+00
9.96550368e-01 -1.62651177e-04 -8.29899842e-02 -3.72883340e-01
7.09725241e-03 9.96501637e-01 8.32713418e-02 -5.11002174e-04
8.26861109e-02 -8.35730872e-02 9.93065228e-01 6.24640950e-01
0.00000000e+00 0.00000000e+00 0.00000000e+00 1.00000000e+00
9.99977256e-01 9.57055726e-07 6.74447711e-03 -3.73554130e-01
2.94092132e-08 9.99999989e-01 -1.46262526e-04 -2.11746335e-09
-6.74447718e-03 1.46259398e-04 9.99977245e-01 6.32471846e-01
0.00000000e+00 0.00000000e+00 0.00000000e+00 1.00000000e+00
9.99977561e-01 3.72529727e-07 6.69905103e-03 -3.73545593e-01
1.00112276e-08 9.99999998e-01 -5.71037193e-05 -7.20808384e-10
-6.69905104e-03 5.71025050e-05 9.99977559e-01 6.32472319e-01
0.00000000e+00 0.00000000e+00 0.00000000e+00 1.00000000e+00
9.99978015e-01 2.47240289e-07 6.63090312e-03 -3.73547866e-01
4.26310821e-09 9.99999999e-01 -3.79289666e-05 -3.06943791e-10
-6.63090313e-03 3.79281611e-05 9.99978015e-01 6.32461613e-01
0.00000000e+00 0.00000000e+00 0.00000000e+00 1.00000000e+00
