9.99977455e-01 -1.70131447e-04 -6.71270365e-03 6.23624304e-01
1.71945265e-04 9.99999949e-01 2.69630477e-04 -6.47149933e-05
6.71265744e-03 -2.70778616e-04 9.99977433e-01 6.27491544e-01
0.00000000e+00 0.00000000e+00 0.00000000e+00 1.00000000e+00
9.99977455e-01 -1.70131447e-04 -6.71270365e-03 6.23624304e-01
1.71945265e-04 9.99999949e-01 2.69630477e-04 -6.47149933e-05
6.71265744e-03 -2.70778616e-04 9.99977433e-01 6.27491544e-01
0.00000000e+00 0.00000000e+00 0.00000000e+00 1.00000000e+00
9.99977455e-01 -1.70131447e-04 -6.71270365e-03 6.23624304e-01
1.71945265e-04 9.99999949e-01 2.69630477e-04 -6.47149933e-05
6.71265744e-03 -2.70778616e-04 9.99977433e-01 6.27491544e-01
0.00000000e+00 0.00000000e+00 0.00000000e+00 1.00000000e+00
9.99977474e-01 -1.71693180e-04 -6.70985703e-03 6.23624497e-01
1.73530059e-04 9.99999948e-01 2.73177045e-04 -6.53114127e-05
6.70980978e-03 -2.74335253e-04 9.99977451e-01 6.27492611e-01
0.00000000e+00 0.00000000e+00 0.00000000e+00 1.00000000e+00
9.99977487e-01 -1.52735610e-04 -6.70831364e-03 6.23622460e-01
1.54548636e-04 9.99999952e-01 2.69747936e-04 -5.81674607e-05
6.70827212e-03 -2.70778624e-04 9.99977463e-01 6.27493171e-01
0.00000000e+00 0.00000000e+00 0.00000000e+00 1.00000000e+00
9.99977585e-01 -1.28675108e-04 -6.69423050e-03 6.23619130e-01
1.30510546e-04 9.99999954e-01 2.73745981e-04 -4.91202895e-05
6.69419497e-03 -2.74613513e-04 9.99977556e-01 6.27498412e-01
0.00000000e+00 0.00000000e+00 0.00000000e+00 1.00000000e+00
9.99977985e-01 -9.18738718e-05 -6.63487434e-03 6.23611933e-01
9.36938729e-05 9.99999958e-01 2.73997991e-04 -3.52642231e-05
6.63484889e-03 -2.74613606e-04 9.99977951e-01 6.27517717e-01
0.00000000e+00 0.00000000e+00 0.00000000e+00 1.00000000e+00
9.99978465e-01 -6.18289646e-05 -6.56239528e-03 6.23612850e-01
6.36297545e-05 9.99999960e-01 2.74202017e-04 -2.39501460e-05
6.56237807e-03 -2.74613676e-04 9.99978430e-01 6.27536311e-01
0.00000000e+00 0.00000000e+00 0.00000000e+00 1.00000000e+00
9.99978779e-01 -4.56833759e-05 -6.51448732e-03 6.23611345e-01
4.75338278e-05 9.99999959e-01 2.83897257e-04 -1.78939846e-05
6.51447408e-03 -2.84200891e-04 9.99978740e-01 6.27544565e-01
0.00000000e+00 0.00000000e+00 0.00000000e+00 1.00000000e+00
9.99978961e-01 -3.61797451e-05 -6.48661907e-03 6.23610493e-01
3.80224855e-05 9.99999959e-01 2.83960257e-04 -1.43150139e-05
6.48660853e-03 -2.84200920e-04 9.99978921e-01 6.27550438e-01
0.00000000e+00 0.00000000e+00 0.00000000e+00 1.00000000e+00
9.99978967e-01 -3.94115715e-05 -6.48567699e-03 6.23610557e-01
4.11917972e-05 9.99999962e-01 2.74352358e-04 -1.55079319e-05
6.48566593e-03 -2.74613744e-04 9.99978930e-01 6.27550791e-01
0.00000000e+00 0.00000000e+00 0.00000000e+00 1.00000000e+00
