-2.86070162e-02 6.42146066e-02 -9.97526001e-01 -3.40871961e-01
-9.80030651e-01 -1.98253671e-01 1.53429297e-02 1.46072151e-01
-1.96777951e-01 9.78044971e-01 6.86037287e-02 4.02583212e-01
0.00000000e+00 0.00000000e+00 0.00000000e+00 1.00000000e+00
1.74115914e-01 -9.58029821e-01 -2.27733419e-01 5.66222492e-04
-9.83381124e-01 -1.81243416e-01 1.06014041e-02 1.52732662e-03
-5.14316442e-02 2.22102873e-01 -9.73665805e-01 4.78466418e-03
0.00000000e+00 0.00000000e+00 0.00000000e+00 1.00000000e+00
-1.41987517e-01 2.80261939e-01 9.49364414e-01 4.31693716e-01
9.89524485e-01 1.49056800e-02 1.43593575e-01 -1.08538077e-02
2.60928916e-02 9.59807828e-01 -2.79442471e-01 3.83291388e-01
0.00000000e+00 0.00000000e+00 0.00000000e+00 1.00000000e+00
5.13101002e-02 2.08595484e-01 -9.76655107e-01 -4.29996747e-01
-3.19780160e-01 9.29885556e-01 1.81806222e-01 2.72972295e-02
9.46101434e-01 3.02986431e-01 1.14417218e-01 4.37918948e-01
0.00000000e+00 0.00000000e+00 0.00000000e+00 1.00000000e+00
-9.10890045e-01 -3.07410100e-01 -2.75278686e-01 1.61744677e-03
-3.24815932e-01 9.45589470e-01 1.88457921e-02 -5.98720627e-04
2.54507240e-01 1.06581348e-01 -9.61179734e-01 4.08110921e-03
0.00000000e+00 0.00000000e+00 0.00000000e+00 1.00000000e+00
-1.32022718e-01 3.17162703e-01 9.39136743e-01 3.87682090e-01
9.91107166e-01 2.63407328e-02 1.30432937e-01 -2.76868140e-02
1.66309128e-02 9.48005267e-01 -3.17819803e-01 4.48981307e-01
0.00000000e+00 0.00000000e+00 0.00000000e+00 1.00000000e+00
1.64525866e-01 -4.65072870e-01 -8.69849680e-01 -3.14572568e-01
9.35096838e-01 -2.07089951e-01 2.87589386e-01 -4.19615101e-02
-3.13887149e-01 -8.60709578e-01 4.00816517e-01 3.86016893e-01
0.00000000e+00 0.00000000e+00 0.00000000e+00 1.00000000e+00
1.50305908e-01 9.00512249e-01 -4.08026744e-01 -3.06609208e-04
8.83284295e-01 -3.07707338e-01 -3.53730192e-01 3.09270182e-04
-4.44091194e-01 -3.07235877e-01 -8.41658557e-01 6.56564297e-03
0.00000000e+00 0.00000000e+00 0.00000000e+00 1.00000000e+00
-1.32060462e-01 3.17172031e-01 9.39128286e-01 3.87676425e-01
9.91101507e-01 2.63183286e-02 1.30480454e-01 -2.76784622e-02
1.66684637e-02 9.48002768e-01 -3.17825289e-01 4.48980426e-01
0.00000000e+00 0.00000000e+00 0.00000000e+00 1.00000000e+00
-3.02859823e-01 1.10994383e-01 -9.46549616e-01 -7.77851284e-02
-8.53160716e-01 -4.74200026e-01 2.17373247e-01 -1.16843718e-01
-4.24726643e-01 8.73392571e-01 2.38312183e-01 4.83345153e-01
0.00000000e+00 0.00000000e+00 0.00000000e+00 1.00000000e+00
4.70890122e-01 -8.63277567e-01 -1.81698473e-01 1.42936033e-03
-8.68408238e-01 -4.17328525e-01 -2.67776091e-01 2.31660373e-03
1.55337136e-01 2.83881567e-01 -9.46193231e-01 7.73837965e-03
0.00000000e+00 0.00000000e+00 0.00000000e+00 1.00000000e+00
1.07439119e-02 2.15385796e-01 9.76469932e-01 3.60612972e-01
9.99937500e-01 -5.33445607e-03 -9.82546827e-03 -5.22263773e-02
3.09266965e-03 9.76514466e-01 -2.15429647e-01 4.83638203e-01
0.00000000e+00 0.00000000e+00 0.00000000e+00 1.00000000e+00
4.71938541e-03 -2.87488261e-01 -9.57772534e-01 3.01002155e-01
-8.92201016e-01 -4.33763517e-01 1.25803648e-01 -1.37623145e-01
-4.51613855e-01 8.53931912e-01 -2.58544416e-01 7.25213295e-01
0.00000000e+00 0.00000000e+00 0.00000000e+00 1.00000000e+00
4.29822800e-01 -8.92592790e-01 -1.36126675e-01 1.66156533e-03
-8.37883637e-01 -4.50486869e-01 3.08241126e-01 9.49216323e-05
-3.36457087e-01 -1.84307505e-02 -9.41518421e-01 1.24542096e-02
0.00000000e+00 0.00000000e+00 0.00000000e+00 1.00000000e+00
1.07582552e-02 2.15353619e-01 9.76476870e-01 3.60609376e-01
9.99937430e-01 -5.31059593e-03 -9.84552349e-03 -5.22340868e-02
3.06540498e-03 9.76521693e-01 -2.15397277e-01 4.83660986e-01
0.00000000e+00 0.00000000e+00 0.00000000e+00 1.00000000e+00
-4.84049037e-02 -3.74445240e-01 -9.25984734e-01 -8.78487771e-02
-9.80923551e-01 -1.56924482e-01 1.14733139e-01 -1.23579888e-01
-1.88270953e-01 9.13873880e-01 -3.59706240e-01 8.19983719e-01
0.00000000e+00 0.00000000e+00 0.00000000e+00 1.00000000e+00
1.13669143e-01 -9.88651551e-01 -9.82213699e-02 9.67250673e-04
-9.55278484e-01 -1.35922859e-01 2.62617582e-01 2.47922900e-03
-2.72987809e-01 6.39772459e-02 -9.59887789e-01 1.11187205e-02
0.00000000e+00 0.00000000e+00 0.00000000e+00 1.00000000e+00
1.08746431e-02 7.87182817e-02 9.96837587e-01 8.20336183e-02
9.98330403e-01 -5.74107188e-02 -6.35731820e-03 -1.48874147e-01
5.67287252e-02 9.95242403e-01 -7.92111750e-02 6.91191733e-01
0.00000000e+00 0.00000000e+00 0.00000000e+00 1.00000000e+00
2.58274712e-01 -3.93873812e-01 -8.82132413e-01 6.97294048e-02
-9.48621599e-01 -2.76165590e-01 -1.54433251e-01 1.56848871e-01
-1.82787405e-01 8.76696063e-01 -4.44963793e-01 8.87226676e-01
0.00000000e+00 0.00000000e+00 0.00000000e+00 1.00000000e+00
1.13038945e-01 -9.93068573e-01 -3.22025936e-02 5.62758527e-04
-9.93479009e-01 -1.13452516e-01 1.13130369e-02 1.54367245e-03
-1.48880867e-02 3.07137870e-02 -9.99417334e-01 9.71494817e-03
0.00000000e+00 0.00000000e+00 0.00000000e+00 1.00000000e+00
-1.53633205e-01 -2.12723052e-01 9.64958932e-01 5.01962952e-01
9.81162389e-01 -1.48589310e-01 1.23456809e-01 -1.26747912e-02
1.17120473e-01 9.65748476e-01 2.31544110e-01 3.79291281e-01
0.00000000e+00 0.00000000e+00 0.00000000e+00 1.00000000e+00
4.42254235e-01 -3.00701985e-01 -8.44978998e-01 1.49277173e-01
3.24233150e-01 -8.24801829e-01 4.63222201e-01 -7.96803799e-02
-8.36232058e-01 -4.78832183e-01 -2.67274550e-01 6.90617803e-01
0.00000000e+00 0.00000000e+00 0.00000000e+00 1.00000000e+00
8.95757702e-01 3.31563345e-01 -2.96114653e-01 -9.37760017e-04
3.69797930e-01 -9.25449815e-01 8.24143882e-02 4.31797724e-04
-2.46713660e-01 -1.83325909e-01 -9.51590238e-01 1.06449172e-02
0.00000000e+00 0.00000000e+00 0.00000000e+00 1.00000000e+00
1.19607095e-01 2.13557389e-02 9.92591595e-01 4.64849708e-01
9.90974238e-01 -6.35242233e-02 -1.18045472e-01 9.39842934e-02
6.05326619e-02 9.97751775e-01 -2.87609349e-02 3.50613541e-01
0.00000000e+00 0.00000000e+00 0.00000000e+00 1.00000000e+00
5.31638708e-01 -2.13545129e-01 -8.19608908e-01 -6.03396175e-02
-7.19176380e-01 -6.24959232e-01 -3.03663124e-01 1.69631126e-01
-4.47376373e-01 7.50882438e-01 -4.85829132e-01 6.87428736e-01
0.00000000e+00 0.00000000e+00 0.00000000e+00 1.00000000e+00
5.47892391e-01 -8.36086659e-01 -2.78033657e-02 9.74830750e-04
-8.36525114e-01 -5.47323976e-01 -2.57332306e-02 9.11875153e-04
6.29776216e-03 3.73572549e-02 -9.99282129e-01 9.52580901e-03
0.00000000e+00 0.00000000e+00 0.00000000e+00 1.00000000e+00
-3.72957663e-01 -2.62327615e-01 8.89992586e-01 5.00899267e-01
9.26160053e-01 -4.74151497e-02 3.74138157e-01 -1.53236649e-01
-5.59476388e-02 9.63813273e-01 2.60641201e-01 7.27759609e-02
0.00000000e+00 0.00000000e+00 0.00000000e+00 1.00000000e+00
4.80997865e-01 -2.43759376e-01 -8.42153442e-01 -3.71480597e-01
8.55592354e-01 -7.91049147e-02 5.11570266e-01 -3.53434587e-02
-1.91318525e-01 -9.66604251e-01 1.70509363e-01 2.47607666e-01
0.00000000e+00 0.00000000e+00 0.00000000e+00 1.00000000e+00
2.78549395e-01 9.26435933e-01 -2.53232494e-01 -1.57118525e-04
8.99211497e-01 -3.44191565e-01 -2.70094149e-01 -1.53363695e-04
-3.37385414e-01 -1.52475008e-01 -9.28936195e-01 6.08043890e-03
0.00000000e+00 0.00000000e+00 0.00000000e+00 1.00000000e+00
2.38596080e-01 -2.90182777e-03 9.71114561e-01 4.32266222e-01
9.64247871e-01 -1.18037833e-01 -2.37261696e-01 2.39945592e-01
1.15316751e-01 9.93004859e-01 -2.53652830e-02 9.69987887e-02
0.00000000e+00 0.00000000e+00 0.00000000e+00 1.00000000e+00
