1.74115914e-01 -9.58029821e-01 -2.27733419e-01 5.66222492e-04
-9.83381124e-01 -1.81243416e-01 1.06014041e-02 1.52732662e-03
-5.14316442e-02 2.22102873e-01 -9.73665805e-01 4.78466418e-03
0.00000000e+00 0.00000000e+00 0.00000000e+00 1.00000000e+00
-9.10890045e-01 -3.07410100e-01 -2.75278686e-01 1.61744677e-03
-3.24815932e-01 9.45589470e-01 1.88457921e-02 -5.98720627e-04
2.54507240e-01 1.06581348e-01 -9.61179734e-01 4.08110921e-03
0.00000000e+00 0.00000000e+00 0.00000000e+00 1.00000000e+00
1.50305908e-01 9.00512249e-01 -4.08026744e-01 -3.06609208e-04
8.83284295e-01 -3.07707338e-01 -3.53730192e-01 3.09270182e-04
-4.44091194e-01 -3.07235877e-01 -8.41658557e-01 6.56564297e-03
0.00000000e+00 0.00000000e+00 0.00000000e+00 1.00000000e+00
4.70890122e-01 -8.63277567e-01 -1.81698473e-01 1.42936033e-03
-8.68408238e-01 -4.17328525e-01 -2.67776091e-01 2.31660373e-03
1.55337136e-01 2.83881567e-01 -9.46193231e-01 7.73837965e-03
0.00000000e+00 0.00000000e+00 0.00000000e+00 1.00000000e+00
4.29822800e-01 -8.92592790e-01 -1.36126675e-01 1.66156533e-03
-8.37883637e-01 -4.50486869e-01 3.08241126e-01 9.49216323e-05
-3.36457087e-01 -1.84307505e-02 -9.41518421e-01 1.24542096e-02
0.00000000e+00 0.00000000e+00 0.00000000e+00 1.00000000e+00
1.13669143e-01 -9.88651551e-01 -9.82213699e-02 9.67250673e-04
-9.55278484e-01 -1.35922859e-01 2.62617582e-01 2.47922900e-03
-2.72987809e-01 6.39772459e-02 -9.59887789e-01 1.11187205e-02
0.00000000e+00 0.00000000e+00 0.00000000e+00 1.00000000e+00
1.13038945e-01 -9.93068573e-01 -3.22025936e-02 5.62758527e-04
-9.93479009e-01 -1.13452516e-01 1.13130369e-02 1.54367245e-03
-1.48880867e-02 3.07137870e-02 -9.99417334e-01 9.71494817e-03
0.00000000e+00 0.00000000e+00 0.00000000e+00 1.00000000e+00
8.95757702e-01 3.31563345e-01 -2.96114653e-01 -9.37760017e-04
3.69797930e-01 -9.25449815e-01 8.24143882e-02 4.31797724e-04
-2.46713660e-01 -1.83325909e-01 -9.51590238e-01 1.06449172e-02
0.00000000e+00 0.00000000e+00 0.00000000e+00 1.00000000e+00
5.47892391e-01 -8.36086659e-01 -2.78033657e-02 9.74830750e-04
-8.36525114e-01 -5.47323976e-01 -2.57332306e-02 9.11875153e-04
6.29776216e-03 3.73572549e-02 -9.99282129e-01 9.52580901e-03
0.00000000e+00 0.00000000e+00 0.00000000e+00 1.00000000e+00
2.78549395e-01 9.26435933e-01 -2.53232494e-01 -1.57118525e-04
8.99211497e-01 -3.44191565e-01 -2.70094149e-01 -1.53363695e-04
-3.37385414e-01 -1.52475008e-01 -9.28936195e-01 6.08043890e-03
0.00000000e+00 0.00000000e+00 0.00000000e+00 1.00000000e+00
