-2.86070162e-02 6.42146066e-02 -9.97526001e-01 -3.40871961e-01
-9.80030651e-01 -1.98253671e-01 1.53429297e-02 1.46072151e-01
-1.96777951e-01 9.78044971e-01 6.86037287e-02 4.02583212e-01
0.00000000e+00 0.00000000e+00 0.00000000e+00 1.00000000e+00
5.13101002e-02 2.08595484e-01 -9.76655107e-01 -4.29996747e-01
-3.19780160e-01 9.29885556e-01 1.81806222e-01 2.72972295e-02
9.46101434e-01 3.02986431e-01 1.14417218e-01 4.37918948e-01
0.00000000e+00 0.00000000e+00 0.00000000e+00 1.00000000e+00
1.64525866e-01 -4.65072870e-01 -8.69849680e-01 -3.14572568e-01
9.35096838e-01 -2.07089951e-01 2.87589386e-01 -4.19615101e-02
-3.13887149e-01 -8.60709578e-01 4.00816517e-01 3.86016893e-01
0.00000000e+00 0.00000000e+00 0.00000000e+00 1.00000000e+00
-3.02859823e-01 1.10994383e-01 -9.46549616e-01 -7.77851284e-02
-8.53160716e-01 -4.74200026e-01 2.17373247e-01 -1.16843718e-01
-4.24726643e-01 8.73392571e-01 2.38312183e-01 4.83345153e-01
0.00000000e+00 0.00000000e+00 0.00000000e+00 1.00000000e+00
4.71938541e-03 -2.87488261e-01 -9.57772534e-01 3.01002155e-01
-8.92201016e-01 -4.33763517e-01 1.25803648e-01 -1.37623145e-01
-4.51613855e-01 8.53931912e-01 -2.58544416e-01 7.25213295e-01
0.00000000e+00 0.00000000e+00 0.00000000e+00 1.00000000e+00
-4.84049037e-02 -3.74445240e-01 -9.25984734e-01 -8.78487771e-02
-9.80923551e-01 -1.56924482e-01 1.14733139e-01 -1.23579888e-01
-1.88270953e-01 9.13873880e-01 -3.59706240e-01 8.19983719e-01
0.00000000e+00 0.00000000e+00 0.00000000e+00 1.00000000e+00
2.58274712e-01 -3.93873812e-01 -8.82132413e-01 6.97294048e-02
-9.48621599e-01 -2.76165590e-01 -1.54433251e-01 1.56848871e-01
-1.82787405e-01 8.76696063e-01 -4.44963793e-01 8.87226676e-01
0.00000000e+00 0.00000000e+00 0.00000000e+00 1.00000000e+00
4.42254235e-01 -3.00701985e-01 -8.44978998e-01 1.49277173e-01
3.24233150e-01 -8.24801829e-01 4.63222201e-01 -7.96803799e-02
-8.36232058e-01 -4.78832183e-01 -2.67274550e-01 6.90617803e-01
0.00000000e+00 0.00000000e+00 0.00000000e+00 1.00000000e+00
5.31638708e-01 -2.13545129e-01 -8.19608908e-01 -6.03396175e-02
-7.19176380e-01 -6.24959232e-01 -3.03663124e-01 1.69631126e-01
-4.47376373e-01 7.50882438e-01 -4.85829132e-01 6.87428736e-01
0.00000000e+00 0.00000000e+00 0.00000000e+00 1.00000000e+00
4.80997865e-01 -2.43759376e-01 -8.42153442e-01 -3.71480597e-01
8.55592354e-01 -7.91049147e-02 5.11570266e-01 -3.53434587e-02
-1.91318525e-01 -9.66604251e-01 1.70509363e-01 2.47607666e-01
0.00000000e+00 0.00000000e+00 0.00000000e+00 1.00000000e+00
