-1.41987517e-01 2.80261939e-01 9.49364414e-01 4.31693716e-01
9.89524485e-01 1.49056800e-02 1.43593575e-01 -1.08538077e-02
2.60928916e-02 9.59807828e-01 -2.79442471e-01 3.83291388e-01
0.00000000e+00 0.00000000e+00 0.00000000e+00 1.00000000e+00
-1.32022718e-01 3.17162703e-01 9.39136743e-01 3.87682090e-01
9.91107166e-01 2.63407328e-02 1.30432937e-01 -2.76868140e-02
1.66309128e-02 9.48005267e-01 -3.17819803e-01 4.48981307e-01
0.00000000e+00 0.00000000e+00 0.00000000e+00 1.00000000e+00
-1.32060462e-01 3.17172031e-01 9.39128286e-01 3.87676425e-01
9.91101507e-01 2.63183286e-02 1.30480454e-01 -2.76784622e-02
1.66684637e-02 9.48002768e-01 -3.17825289e-01 4.48980426e-01
0.00000000e+00 0.00000000e+00 0.00000000e+00 1.00000000e+00
1.07439119e-02 2.15385796e-01 9.76469932e-01 3.60612972e-01
9.99937500e-01 -5.33445607e-03 -9.82546827e-03 -5.22263773e-02
3.09266965e-03 9.76514466e-01 -2.15429647e-01 4.83638203e-01
0.00000000e+00 0.00000000e+00 0.00000000e+00 1.00000000e+00
1.07582552e-02 2.15353619e-01 9.76476870e-01 3.60609376e-01
9.99937430e-01 -5.31059593e-03 -9.84552349e-03 -5.22340868e-02
3.06540498e-03 9.76521693e-01 -2.15397277e-01 4.83660986e-01
0.00000000e+00 0.00000000e+00 0.00000000e+00 1.00000000e+00
1.08746431e-02 7.87182817e-02 9.96837587e-01 8.20336183e-02
9.98330403e-01 -5.74107188e-02 -6.35731820e-03 -1.48874147e-01
5.67287252e-02 9.95242403e-01 -7.92111750e-02 6.91191733e-01
0.00000000e+00 0.00000000e+00 0.00000000e+00 1.00000000e+00
-1.53633205e-01 -2.12723052e-01 9.64958932e-01 5.01962952e-01
9.81162389e-01 -1.48589310e-01 1.23456809e-01 -1.26747912e-02
1.17120473e-01 9.65748476e-01 2.31544110e-01 3.79291281e-01
0.00000000e+00 0.00000000e+00 0.00000000e+00 1.00000000e+00
1.19607095e-01 2.13557389e-02 9.92591595e-01 4.64849708e-01
9.90974238e-01 -6.35242233e-02 -1.18045472e-01 9.39842934e-02
6.05326619e-02 9.97751775e-01 -2.87609349e-02 3.50613541e-01
0.00000000e+00 0.00000000e+00 0.00000000e+00 1.00000000e+00
-3.72957663e-01 -2.62327615e-01 8.89992586e-01 5.00899267e-01
9.26160053e-01 -4.74151497e-02 3.74138157e-01 -1.53236649e-01
-5.59476388e-02 9.63813273e-01 2.60641201e-01 7.27759609e-02
0.00000000e+00 0.00000000e+00 0.00000000e+00 1.00000000e+00
2.38596080e-01 -2.90182777e-03 9.71114561e-01 4.32266222e-01
9.64247871e-01 -1.18037833e-01 -2.37261696e-01 2.39945592e-01
1.15316751e-01 9.93004859e-01 -2.53652830e-02 9.69987887e-02
0.00000000e+00 0.00000000e+00 0.00000000e+00 1.00000000e+00
