9.06248293e-03 -9.77412982e-05 -9.99958930e-01 3.02970276e-01
1.45853162e-04 9.99999985e-01 -9.64234650e-05 5.23358047e-05
9.99958924e-01 -1.44973336e-04 9.06249704e-03 7.00456827e-01
0.00000000e+00 0.00000000e+00 0.00000000e+00 1.00000000e+00
-2.30844749e-02 9.98990448e-01 3.85381946e-02 -1.49568744e-01
9.99687259e-01 2.34370797e-02 -8.72285898e-03 -3.59496210e-02
-9.61727554e-03 3.83247795e-02 -9.99219055e-01 3.43960647e-01
0.00000000e+00 0.00000000e+00 0.00000000e+00 1.00000000e+00
9.99769438e-01 3.36648876e-03 2.12070109e-02 -3.71082217e-01
-8.32446597e-07 9.87639466e-01 -1.56742736e-01 5.99361550e-08
-2.14725536e-02 1.56706579e-01 9.87411757e-01 6.35638693e-01
0.00000000e+00 0.00000000e+00 0.00000000e+00 1.00000000e+00
3.22815214e-03 -2.73415989e-05 -9.99994789e-01 3.02164285e-01
6.44919943e-05 9.99999998e-01 -2.71335503e-05 4.45105209e-05
9.99994787e-01 -6.44040671e-05 3.22815390e-03 7.02216615e-01
0.00000000e+00 0.00000000e+00 0.00000000e+00 1.00000000e+00
-1.58392870e-02 9.98907380e-01 4.39677612e-02 -1.56412184e-01
9.82023722e-01 2.38135103e-02 -1.87249371e-01 -6.40761189e-02
-1.88091806e-01 4.02114879e-02 -9.81327931e-01 5.31345100e-01
0.00000000e+00 0.00000000e+00 0.00000000e+00 1.00000000e+00
9.78477444e-01 3.23888586e-02 2.03796106e-01 -2.05132193e-01
5.61292672e-07 9.87604877e-01 -1.56960526e-01 -4.04130724e-08
-2.06353800e-01 1.53582449e-01 9.66349078e-01 6.59725342e-01
0.00000000e+00 0.00000000e+00 0.00000000e+00 1.00000000e+00
3.39668946e-03 -1.02100642e-04 -9.99994226e-01 3.02221276e-01
3.37891149e-05 9.99999994e-01 -1.01986459e-04 3.82382488e-05
9.99994231e-01 -3.34425035e-05 3.39669289e-03 7.02185591e-01
0.00000000e+00 0.00000000e+00 0.00000000e+00 1.00000000e+00
-7.44787956e-03 9.98779341e-01 4.88298846e-02 -1.63617612e-01
9.26520545e-01 2.52619512e-02 -3.75395144e-01 2.04588122e-02
-3.76170453e-01 4.24459934e-02 -9.25577727e-01 7.14722434e-01
0.00000000e+00 0.00000000e+00 0.00000000e+00 1.00000000e+00
9.03600404e-01 6.71916975e-02 4.23073971e-01 -4.60202776e-02
2.65604350e-07 9.87622028e-01 -1.56852572e-01 -1.91235132e-08
-4.28376364e-01 1.41732160e-01 8.92415646e-01 5.70805016e-01
0.00000000e+00 0.00000000e+00 0.00000000e+00 1.00000000e+00
3.42781636e-03 -1.01800517e-04 -9.99994120e-01 3.02217091e-01
1.48938215e-04 9.99999984e-01 -1.01290578e-04 5.51417553e-05
9.99994114e-01 -1.48590134e-04 3.42783147e-03 7.02168763e-01
0.00000000e+00 0.00000000e+00 0.00000000e+00 1.00000000e+00
-1.37895014e-02 9.98770435e-01 4.76179460e-02 -1.65438738e-01
9.73136313e-01 2.43505790e-02 -2.28938346e-01 -5.66750980e-02
-2.29816376e-01 4.31818067e-02 -9.72275560e-01 7.72349321e-01
0.00000000e+00 0.00000000e+00 0.00000000e+00 1.00000000e+00
9.59930277e-01 4.39539388e-02 2.76770510e-01 2.55656611e-02
1.46806881e-05 9.87615420e-01 -1.56894173e-01 -1.05700954e-06
-2.80238940e-01 1.50611530e-01 9.48041298e-01 6.44798167e-01
0.00000000e+00 0.00000000e+00 0.00000000e+00 1.00000000e+00
3.17316119e-03 -1.47174768e-04 -9.99994955e-01 3.02143490e-01
1.31696419e-04 9.99999981e-01 -1.46757611e-04 5.89158581e-05
9.99994957e-01 -1.31230069e-04 3.17318051e-03 7.02253132e-01
0.00000000e+00 0.00000000e+00 0.00000000e+00 1.00000000e+00
-2.14392297e-01 7.94296167e-01 -5.68444846e-01 -9.38298986e-02
9.51189249e-01 3.75203601e-02 -3.06318847e-01 -7.72098775e-02
-2.21979631e-01 -6.06371027e-01 -7.63570050e-01 9.01540196e-01
0.00000000e+00 0.00000000e+00 0.00000000e+00 1.00000000e+00
9.42983973e-01 5.21552393e-02 3.28726417e-01 5.22725107e-02
1.63208465e-05 9.87639237e-01 -1.56744175e-01 -1.17510095e-06
-3.32838138e-01 1.47812610e-01 9.31327121e-01 6.63031876e-01
0.00000000e+00 0.00000000e+00 0.00000000e+00 1.00000000e+00
3.37882167e-03 -1.18591896e-04 -9.99994285e-01 3.02235004e-01
1.23665548e-04 9.99999985e-01 -1.18174726e-04 2.30668550e-05
9.99994284e-01 -1.23265550e-04 3.37883629e-03 7.02148606e-01
0.00000000e+00 0.00000000e+00 0.00000000e+00 1.00000000e+00
7.72012498e-01 5.78638041e-01 -2.63010874e-01 -1.61429724e-01
4.82504061e-01 -8.02883120e-01 -3.50097882e-01 1.31190025e-01
-4.13746944e-01 1.43376125e-01 -8.99031008e-01 7.04125627e-01
0.00000000e+00 0.00000000e+00 0.00000000e+00 1.00000000e+00
6.01286147e-01 -6.61983378e-01 -4.47473997e-01 3.37846230e-03
7.01672865e-01 1.69551202e-01 6.92031488e-01 -5.05204463e-02
-3.82243587e-01 -7.30089308e-01 5.66444562e-01 6.51023315e-01
0.00000000e+00 0.00000000e+00 0.00000000e+00 1.00000000e+00
3.39503603e-03 -1.19514757e-04 -9.99994230e-01 3.02194957e-01
7.77129791e-05 9.99999990e-01 -1.19251605e-04 2.56072177e-05
9.99994234e-01 -7.73076672e-05 3.39504529e-03 7.02182687e-01
0.00000000e+00 0.00000000e+00 0.00000000e+00 1.00000000e+00
-3.50276813e-02 9.98506884e-01 4.19173442e-02 -1.55797063e-01
9.53258152e-01 2.07858407e-02 3.01441277e-01 -2.29031393e-01
3.00119903e-01 5.05168391e-02 -9.52562907e-01 5.21618559e-01
0.00000000e+00 0.00000000e+00 0.00000000e+00 1.00000000e+00
9.60291151e-01 -4.37950364e-02 -2.75541103e-01 -1.58154097e-01
4.32760011e-05 9.87626494e-01 -1.56824446e-01 -3.11587208e-06
2.78999826e-01 1.50585203e-01 9.48410878e-01 8.38492488e-01
0.00000000e+00 0.00000000e+00 0.00000000e+00 1.00000000e+00
3.20057170e-03 -1.01315151e-04 -9.99994873e-01 3.02169910e-01
4.69407983e-05 9.99999994e-01 -1.01165432e-04 1.58511022e-05
9.99994877e-01 -4.66167704e-05 3.20057643e-03 7.02233482e-01
0.00000000e+00 0.00000000e+00 0.00000000e+00 1.00000000e+00
-6.18358918e-01 6.81313577e-01 3.91719363e-01 -6.36536274e-02
4.77594134e-01 7.21613519e-01 -5.01176389e-01 -2.34793499e-01
-6.24128266e-01 -1.22824020e-01 -7.71607522e-01 7.72027839e-01
0.00000000e+00 0.00000000e+00 0.00000000e+00 1.00000000e+00
4.69275497e-01 6.16398331e-01 -6.32323972e-01 2.29384846e-02
-7.07377253e-01 -1.66223800e-01 -6.87013152e-01 5.09311622e-02
-5.28581053e-01 7.69690032e-01 3.58021401e-01 7.47987083e-01
0.00000000e+00 0.00000000e+00 0.00000000e+00 1.00000000e+00
3.32241730e-03 9.08179452e-05 -9.99994477e-01 3.02192686e-01
7.17411181e-05 9.99999993e-01 9.10568014e-05 5.66824993e-06
9.99994478e-01 -7.20432506e-05 3.32241076e-03 7.02207379e-01
0.00000000e+00 0.00000000e+00 0.00000000e+00 1.00000000e+00
-9.30289430e-01 1.66356143e-01 3.26936095e-01 1.90217045e-01
2.26358135e-02 9.15590731e-01 -4.01473826e-01 -2.83213549e-02
-3.66127296e-01 -3.66086392e-01 -8.55529986e-01 8.10040974e-01
0.00000000e+00 0.00000000e+00 0.00000000e+00 1.00000000e+00
-9.14380996e-02 -1.53789392e-01 -9.83863759e-01 -8.57873014e-02
-9.07766200e-01 -3.93306505e-01 1.45844161e-01 6.53591664e-02
-4.09389301e-01 9.06453979e-01 -1.03641612e-01 5.60663248e-01
0.00000000e+00 0.00000000e+00 0.00000000e+00 1.00000000e+00
3.27855397e-03 -1.02841906e-04 -9.99994620e-01 3.02214981e-01
-1.22101772e-05 9.99999995e-01 -1.02882490e-04 3.80370938e-05
9.99994625e-01 1.25474173e-05 3.27855269e-03 7.02179789e-01
0.00000000e+00 0.00000000e+00 0.00000000e+00 1.00000000e+00
5.32680212e-01 8.26485044e-01 1.82138038e-01 -1.06061961e-01
7.82680132e-01 -3.99208764e-01 -4.77539708e-01 1.53240641e-01
-3.21968326e-01 3.96931776e-01 -8.59524032e-01 5.09095109e-01
0.00000000e+00 0.00000000e+00 0.00000000e+00 1.00000000e+00
8.08844613e-01 1.95374617e-01 5.54616219e-01 -1.95718860e-01
-3.25501660e-01 9.34265039e-01 1.45593633e-01 2.34361195e-02
-4.89713243e-01 -2.98291126e-01 8.19270006e-01 5.27526949e-01
0.00000000e+00 0.00000000e+00 0.00000000e+00 1.00000000e+00
3.96831286e-01 -8.58644945e-05 -9.17891564e-01 -5.11767321e-02
4.62407471e-06 9.99999996e-01 -9.15462348e-05 -3.62547701e-06
9.17891568e-01 3.20840109e-05 3.96831285e-01 8.03931106e-01
0.00000000e+00 0.00000000e+00 0.00000000e+00 1.00000000e+00
-3.12592361e-02 9.98445995e-01 4.61351904e-02 -1.55317191e-01
9.18106666e-01 1.04369572e-02 3.96195936e-01 -2.24495946e-01
3.95098734e-01 5.47418081e-02 -9.17006175e-01 6.63012942e-01
0.00000000e+00 0.00000000e+00 0.00000000e+00 1.00000000e+00
9.99999738e-01 -1.13554835e-04 -7.15147194e-04 -3.75996524e-01
5.74463907e-09 9.87628345e-01 -1.56812793e-01 -4.13614013e-10
7.24106491e-04 1.56812752e-01 9.87628086e-01 6.29747885e-01
0.00000000e+00 0.00000000e+00 0.00000000e+00 1.00000000e+00
3.96832387e-01 -8.30736943e-05 -9.17891088e-01 -5.11777206e-02
6.59540158e-06 9.99999996e-01 -8.76535637e-05 -3.48359447e-06
9.17891092e-01 2.87299126e-05 3.96832386e-01 8.03930881e-01
0.00000000e+00 0.00000000e+00 0.00000000e+00 1.00000000e+00
-3.13355922e-02 9.98438730e-01 4.62404981e-02 -1.55294540e-01
9.18018875e-01 1.04533038e-02 3.96398882e-01 -2.24483369e-01
3.95296631e-01 5.48710437e-02 -9.16913160e-01 6.62964945e-01
0.00000000e+00 0.00000000e+00 0.00000000e+00 1.00000000e+00
9.99999736e-01 -1.13989785e-04 -7.17931744e-04 -3.75996855e-01
5.61483199e-09 9.87629845e-01 -1.56803345e-01 -4.04267904e-10
7.26924796e-04 1.56803304e-01 9.87629584e-01 6.29746248e-01
0.00000000e+00 0.00000000e+00 0.00000000e+00 1.00000000e+00
2.55707346e-01 -1.23243990e-01 -9.58866347e-01 -3.84565183e-01
8.76838384e-02 9.90709442e-01 -1.03953573e-01 6.27343783e-03
9.62769597e-01 -5.74953896e-02 2.64138189e-01 7.70778129e-01
0.00000000e+00 0.00000000e+00 0.00000000e+00 1.00000000e+00
-8.43812794e-02 9.93815663e-01 -7.21819003e-02 -2.57166134e-02
9.59276727e-01 1.00618905e-01 2.63939383e-01 -2.54100912e-01
2.69569956e-01 -4.69708742e-02 -9.61834588e-01 1.01623878e+00
0.00000000e+00 0.00000000e+00 0.00000000e+00 1.00000000e+00
9.99999854e-01 -8.47685482e-05 -5.34308944e-04 -3.76001176e-01
-5.46467084e-09 9.87646076e-01 -1.56701080e-01 3.93456300e-10
5.40991455e-04 1.56701057e-01 9.87645931e-01 6.29771470e-01
0.00000000e+00 0.00000000e+00 0.00000000e+00 1.00000000e+00
5.35370676e-01 -4.23511071e-02 -8.43554754e-01 -6.27518127e-02
2.40030026e-02 9.99101588e-01 -3.49266653e-02 -4.61120044e-04
8.44276077e-01 -1.54913453e-03 5.35906247e-01 9.16783136e-01
0.00000000e+00 0.00000000e+00 0.00000000e+00 1.00000000e+00
-3.45831218e-02 9.99386376e-01 5.55692422e-03 -1.26186126e-01
8.44801550e-01 2.62621759e-02 5.34434878e-01 -2.47490795e-01
5.33960999e-01 2.31769247e-02 -8.45191387e-01 6.93153680e-01
0.00000000e+00 0.00000000e+00 0.00000000e+00 1.00000000e+00
9.99999906e-01 -6.81097147e-05 -4.29131685e-04 -3.75968053e-01
-3.76588145e-09 9.87636459e-01 -1.56761679e-01 2.71143464e-10
4.34503091e-04 1.56761664e-01 9.87636366e-01 6.29806951e-01
0.00000000e+00 0.00000000e+00 0.00000000e+00 1.00000000e+00
2.19142308e-01 -2.72440328e-01 -9.36884687e-01 -1.59932477e-02
4.56925341e-01 8.77077228e-01 -1.48171419e-01 -8.12129693e-02
8.62088094e-01 -3.95615728e-01 3.16689617e-01 8.40638740e-01
0.00000000e+00 0.00000000e+00 0.00000000e+00 1.00000000e+00
-4.13806731e-01 8.77821164e-01 -2.41234312e-01 -6.02509932e-02
8.51954740e-01 4.66801512e-01 2.37211866e-01 -1.77999205e-01
3.20838138e-01 -1.07360848e-01 -9.41029509e-01 6.92189352e-01
0.00000000e+00 0.00000000e+00 0.00000000e+00 1.00000000e+00
9.99999684e-01 -1.24642819e-04 -7.84753418e-04 -3.75996989e-01
3.29854442e-09 9.87620823e-01 -1.56860158e-01 -2.37495198e-10
7.94590309e-04 1.56860108e-01 9.87620512e-01 6.29713049e-01
0.00000000e+00 0.00000000e+00 0.00000000e+00 1.00000000e+00
-2.20174837e-01 -6.01788512e-01 -7.67706733e-01 1.79440874e-03
6.27147555e-01 5.15471970e-01 -5.83930297e-01 -5.01197807e-02
7.47133847e-01 -6.10032159e-01 2.63916237e-01 6.82036100e-01
0.00000000e+00 0.00000000e+00 0.00000000e+00 1.00000000e+00
-6.14759926e-01 4.81349879e-01 -6.24797989e-01 3.47779062e-01
7.37235911e-01 6.32201018e-01 -2.38338172e-01 -2.75670368e-02
2.80273875e-01 -6.07144272e-01 -7.43520268e-01 6.10731394e-01
0.00000000e+00 0.00000000e+00 0.00000000e+00 1.00000000e+00
9.99999719e-01 -1.17526601e-04 -7.40407939e-04 -3.76031974e-01
1.43241813e-09 9.87635512e-01 -1.56767649e-01 -1.03134105e-10
7.49677542e-04 1.56767605e-01 9.87635234e-01 6.29696127e-01
0.00000000e+00 0.00000000e+00 0.00000000e+00 1.00000000e+00
1.39846729e-01 2.47199067e-03 -9.90170077e-01 6.96308395e-02
-6.08384086e-01 7.89189695e-01 -8.39549252e-02 3.65733727e-02
7.81224485e-01 6.14144539e-01 1.11869517e-01 6.86380560e-01
0.00000000e+00 0.00000000e+00 0.00000000e+00 1.00000000e+00
5.92769446e-01 8.04784798e-01 3.07540658e-02 -1.22619431e-01
7.91317104e-01 -5.89102740e-01 1.63631303e-01 -4.04248476e-02
1.49805289e-01 -7.26594185e-02 -9.86042080e-01 5.71772564e-01
0.00000000e+00 0.00000000e+00 0.00000000e+00 1.00000000e+00
9.99999738e-01 -1.13556654e-04 -7.15417159e-04 -3.75975974e-01
1.52432963e-10 9.87635909e-01 -1.56765148e-01 -1.09751733e-11
7.24373402e-04 1.56765106e-01 9.87635650e-01 6.29747146e-01
0.00000000e+00 0.00000000e+00 0.00000000e+00 1.00000000e+00
5.85617333e-01 -1.32674670e-02 -8.10479064e-01 -1.74384010e-01
-8.05876645e-01 -1.17171491e-01 -5.80373736e-01 -3.50191473e-01
-8.72649511e-02 9.93023069e-01 -7.93095979e-02 5.86582767e-01
0.00000000e+00 0.00000000e+00 0.00000000e+00 1.00000000e+00
9.96385313e-01 -8.03159169e-02 2.76705984e-02 -6.90417858e-02
-8.12612880e-02 -8.06221197e-01 5.86006813e-01 -6.46423055e-02
-2.47570515e-02 -5.86137130e-01 -8.09833534e-01 9.68096601e-01
0.00000000e+00 0.00000000e+00 0.00000000e+00 1.00000000e+00
9.99999737e-01 -1.13778488e-04 -7.16343544e-04 -3.76027802e-01
2.66985781e-09 9.87620483e-01 -1.56862300e-01 -1.92229763e-10
7.25323113e-04 1.56862258e-01 9.87620223e-01 6.29705255e-01
0.00000000e+00 0.00000000e+00 0.00000000e+00 1.00000000e+00
1.78204498e-03 -8.99837297e-03 -9.99957926e-01 1.65086560e-01
-4.00501700e-02 9.99156571e-01 -9.06253599e-03 6.82499569e-04
9.99196081e-01 4.00646348e-02 1.42015558e-03 5.66548317e-01
0.00000000e+00 0.00000000e+00 0.00000000e+00 1.00000000e+00
1.69353671e-02 9.99536684e-01 2.52905297e-02 -1.51677678e-01
9.98663110e-01 -1.81452429e-02 4.84018973e-02 -1.55136931e-01
4.88383747e-02 2.44370151e-02 -9.98507709e-01 4.73023653e-01
0.00000000e+00 0.00000000e+00 0.00000000e+00 1.00000000e+00
9.99999871e-01 -7.97373527e-05 -5.02442904e-04 -3.75978830e-01
-1.54602681e-09 9.87639766e-01 -1.56740847e-01 1.11313930e-10
5.08730692e-04 1.56740827e-01 9.87639638e-01 6.29780848e-01
0.00000000e+00 0.00000000e+00 0.00000000e+00 1.00000000e+00
4.77432259e-01 -6.78882829e-02 -8.76042019e-01 2.98019337e-01
-6.05293371e-02 9.92101200e-01 -1.09869964e-01 1.33527329e-03
8.76581221e-01 1.05481708e-01 4.69551884e-01 8.08541409e-01
0.00000000e+00 0.00000000e+00 0.00000000e+00 1.00000000e+00
7.55605572e-02 9.96478619e-01 -3.63450647e-02 -1.13680227e-01
8.68554636e-01 -4.78688813e-02 4.93276204e-01 -9.84432109e-02
4.89799393e-01 -6.88398993e-02 -8.69113124e-01 3.48093820e-01
0.00000000e+00 0.00000000e+00 0.00000000e+00 1.00000000e+00
9.99999697e-01 -1.22083506e-04 -7.68771090e-04 -3.76025183e-01
1.14311213e-09 9.87624548e-01 -1.56836705e-01 -8.23040734e-11
7.78404375e-04 1.56836657e-01 9.87624249e-01 6.29716057e-01
0.00000000e+00 0.00000000e+00 0.00000000e+00 1.00000000e+00
