-2.30844749e-02 9.98990448e-01 3.85381946e-02 -1.49568744e-01
9.99687259e-01 2.34370797e-02 -8.72285898e-03 -3.59496210e-02
-9.61727554e-03 3.83247795e-02 -9.99219055e-01 3.43960647e-01
0.00000000e+00 0.00000000e+00 0.00000000e+00 1.00000000e+00
-1.58392870e-02 9.98907380e-01 4.39677612e-02 -1.56412184e-01
9.82023722e-01 2.38135103e-02 -1.87249371e-01 -6.40761189e-02
-1.88091806e-01 4.02114879e-02 -9.81327931e-01 5.31345100e-01
0.00000000e+00 0.00000000e+00 0.00000000e+00 1.00000000e+00
-7.44787956e-03 9.98779341e-01 4.88298846e-02 -1.63617612e-01
9.26520545e-01 2.52619512e-02 -3.75395144e-01 2.04588122e-02
-3.76170453e-01 4.24459934e-02 -9.25577727e-01 7.14722434e-01
0.00000000e+00 0.00000000e+00 0.00000000e+00 1.00000000e+00
-1.37895014e-02 9.98770435e-01 4.76179460e-02 -1.65438738e-01
9.73136313e-01 2.43505790e-02 -2.28938346e-01 -5.66750980e-02
-2.29816376e-01 4.31818067e-02 -9.72275560e-01 7.72349321e-01
0.00000000e+00 0.00000000e+00 0.00000000e+00 1.00000000e+00
-2.14392297e-01 7.94296167e-01 -5.68444846e-01 -9.38298986e-02
9.51189249e-01 3.75203601e-02 -3.06318847e-01 -7.72098775e-02
-2.21979631e-01 -6.06371027e-01 -7.63570050e-01 9.01540196e-01
0.00000000e+00 0.00000000e+00 0.00000000e+00 1.00000000e+00
7.72012498e-01 5.78638041e-01 -2.63010874e-01 -1.61429724e-01
4.82504061e-01 -8.02883120e-01 -3.50097882e-01 1.31190025e-01
-4.13746944e-01 1.43376125e-01 -8.99031008e-01 7.04125627e-01
0.00000000e+00 0.00000000e+00 0.00000000e+00 1.00000000e+00
-3.50276813e-02 9.98506884e-01 4.19173442e-02 -1.55797063e-01
9.53258152e-01 2.07858407e-02 3.01441277e-01 -2.29031393e-01
3.00119903e-01 5.05168391e-02 -9.52562907e-01 5.21618559e-01
0.00000000e+00 0.00000000e+00 0.00000000e+00 1.00000000e+00
-6.18358918e-01 6.81313577e-01 3.91719363e-01 -6.36536274e-02
4.77594134e-01 7.21613519e-01 -5.01176389e-01 -2.34793499e-01
-6.24128266e-01 -1.22824020e-01 -7.71607522e-01 7.72027839e-01
0.00000000e+00 0.00000000e+00 0.00000000e+00 1.00000000e+00
-9.30289430e-01 1.66356143e-01 3.26936095e-01 1.90217045e-01
2.26358135e-02 9.15590731e-01 -4.01473826e-01 -2.83213549e-02
-3.66127296e-01 -3.66086392e-01 -8.55529986e-01 8.10040974e-01
0.00000000e+00 0.00000000e+00 0.00000000e+00 1.00000000e+00
5.32680212e-01 8.26485044e-01 1.82138038e-01 -1.06061961e-01
7.82680132e-01 -3.99208764e-01 -4.77539708e-01 1.53240641e-01
-3.21968326e-01 3.96931776e-01 -8.59524032e-01 5.09095109e-01
0.00000000e+00 0.00000000e+00 0.00000000e+00 1.00000000e+00
-3.12592361e-02 9.98445995e-01 4.61351904e-02 -1.55317191e-01
9.18106666e-01 1.04369572e-02 3.96195936e-01 -2.24495946e-01
3.95098734e-01 5.47418081e-02 -9.17006175e-01 6.63012942e-01
0.00000000e+00 0.00000000e+00 0.00000000e+00 1.00000000e+00
-3.13355922e-02 9.98438730e-01 4.62404981e-02 -1.55294540e-01
9.18018875e-01 1.04533038e-02 3.96398882e-01 -2.24483369e-01
3.95296631e-01 5.48710437e-02 -9.16913160e-01 6.62964945e-01
0.00000000e+00 0.00000000e+00 0.00000000e+00 1.00000000e+00
-8.43812794e-02 9.93815663e-01 -7.21819003e-02 -2.57166134e-02
9.59276727e-01 1.00618905e-01 2.63939383e-01 -2.54100912e-01
2.69569956e-01 -4.69708742e-02 -9.61834588e-01 1.01623878e+00
0.00000000e+00 0.00000000e+00 0.00000000e+00 1.00000000e+00
-3.45831218e-02 9.99386376e-01 5.55692422e-03 -1.26186126e-01
8.44801550e-01 2.62621759e-02 5.34434878e-01 -2.47490795e-01
5.33960999e-01 2.31769247e-02 -8.45191387e-01 6.93153680e-01
0.00000000e+00 0.00000000e+00 0.00000000e+00 1.00000000e+00
-4.13806731e-01 8.77821164e-01 -2.41234312e-01 -6.02509932e-02
8.51954740e-01 4.66801512e-01 2.37211866e-01 -1.77999205e-01
3.20838138e-01 -1.07360848e-01 -9.41029509e-01 6.92189352e-01
0.00000000e+00 0.00000000e+00 0.00000000e+00 1.00000000e+00
-6.14759926e-01 4.81349879e-01 -6.24797989e-01 3.47779062e-01
7.37235911e-01 6.32201018e-01 -2.38338172e-01 -2.75670368e-02
2.80273875e-01 -6.07144272e-01 -7.43520268e-01 6.10731394e-01
0.00000000e+00 0.00000000e+00 0.00000000e+00 1.00000000e+00
5.92769446e-01 8.04784798e-01 3.07540658e-02 -1.22619431e-01
7.91317104e-01 -5.89102740e-01 1.63631303e-01 -4.04248476e-02
1.49805289e-01 -7.26594185e-02 -9.86042080e-01 5.71772564e-01
0.00000000e+00 0.00000000e+00 0.00000000e+00 1.00000000e+00
9.96385313e-01 -8.03159169e-02 2.76705984e-02 -6.90417858e-02
-8.12612880e-02 -8.06221197e-01 5.86006813e-01 -6.46423055e-02
-2.47570515e-02 -5.86137130e-01 -8.09833534e-01 9.68096601e-01
0.00000000e+00 0.00000000e+00 0.00000000e+00 1.00000000e+00
1.69353671e-02 9.99536684e-01 2.52905297e-02 -1.51677678e-01
9.98663110e-01 -1.81452429e-02 4.84018973e-02 -1.55136931e-01
4.88383747e-02 2.44370151e-02 -9.98507709e-01 4.73023653e-01
0.00000000e+00 0.00000000e+00 0.00000000e+00 1.00000000e+00
7.55605572e-02 9.96478619e-01 -3.63450647e-02 -1.13680227e-01
8.68554636e-01 -4.78688813e-02 4.93276204e-01 -9.84432109e-02
4.89799393e-01 -6.88398993e-02 -8.69113124e-01 3.48093820e-01
0.00000000e+00 0.00000000e+00 0.00000000e+00 1.00000000e+00
