9.06248293e-03 -9.77412982e-05 -9.99958930e-01 3.02970276e-01
1.45853162e-04 9.99999985e-01 -9.64234650e-05 5.23358047e-05
9.99958924e-01 -1.44973336e-04 9.06249704e-03 7.00456827e-01
0.00000000e+00 0.00000000e+00 0.00000000e+00 1.00000000e+00
3.22815214e-03 -2.73415989e-05 -9.99994789e-01 3.02164285e-01
6.44919943e-05 9.99999998e-01 -2.71335503e-05 4.45105209e-05
9.99994787e-01 -6.44040671e-05 3.22815390e-03 7.02216615e-01
0.00000000e+00 0.00000000e+00 0.00000000e+00 1.00000000e+00
3.39668946e-03 -1.02100642e-04 -9.99994226e-01 3.02221276e-01
3.37891149e-05 9.99999994e-01 -1.01986459e-04 3.82382488e-05
9.99994231e-01 -3.34425035e-05 3.39669289e-03 7.02185591e-01
0.00000000e+00 0.00000000e+00 0.00000000e+00 1.00000000e+00
3.42781636e-03 -1.01800517e-04 -9.99994120e-01 3.02217091e-01
1.48938215e-04 9.99999984e-01 -1.01290578e-04 5.51417553e-05
9.99994114e-01 -1.48590134e-04 3.42783147e-03 7.02168763e-01
0.00000000e+00 0.00000000e+00 0.00000000e+00 1.00000000e+00
3.17316119e-03 -1.47174768e-04 -9.99994955e-01 3.02143490e-01
1.31696419e-04 9.99999981e-01 -1.46757611e-04 5.89158581e-05
9.99994957e-01 -1.31230069e-04 3.17318051e-03 7.02253132e-01
0.00000000e+00 0.00000000e+00 0.00000000e+00 1.00000000e+00
3.37882167e-03 -1.18591896e-04 -9.99994285e-01 3.02235004e-01
1.23665548e-04 9.99999985e-01 -1.18174726e-04 2.30668550e-05
9.99994284e-01 -1.23265550e-04 3.37883629e-03 7.02148606e-01
0.00000000e+00 0.00000000e+00 0.00000000e+00 1.00000000e+00
3.39503603e-03 -1.19514757e-04 -9.99994230e-01 3.02194957e-01
7.77129791e-05 9.99999990e-01 -1.19251605e-04 2.56072177e-05
9.99994234e-01 -7.73076672e-05 3.39504529e-03 7.02182687e-01
0.00000000e+00 0.00000000e+00 0.00000000e+00 1.00000000e+00
3.20057170e-03 -1.01315151e-04 -9.99994873e-01 3.02169910e-01
4.69407983e-05 9.99999994e-01 -1.01165432e-04 1.58511022e-05
9.99994877e-01 -4.66167704e-05 3.20057643e-03 7.02233482e-01
0.00000000e+00 0.00000000e+00 0.00000000e+00 1.00000000e+00
3.32241730e-03 9.08179452e-05 -9.99994477e-01 3.02192686e-01
7.17411181e-05 9.99999993e-01 9.10568014e-05 5.66824993e-06
9.99994478e-01 -7.20432506e-05 3.32241076e-03 7.02207379e-01
0.00000000e+00 0.00000000e+00 0.00000000e+00 1.00000000e+00
3.27855397e-03 -1.02841906e-04 -9.99994620e-01 3.02214981e-01
-1.22101772e-05 9.99999995e-01 -1.02882490e-04 3.80370938e-05
9.99994625e-01 1.25474173e-05 3.27855269e-03 7.02179789e-01
0.00000000e+00 0.00000000e+00 0.00000000e+00 1.00000000e+00
3.96831286e-01 -8.58644945e-05 -9.17891564e-01 -5.11767321e-02
4.62407471e-06 9.99999996e-01 -9.15462348e-05 -3.62547701e-06
9.17891568e-01 3.20840109e-05 3.96831285e-01 8.03931106e-01
0.00000000e+00 0.00000000e+00 0.00000000e+00 1.00000000e+00
3.96832387e-01 -8.30736943e-05 -9.17891088e-01 -5.11777206e-02
6.59540158e-06 9.99999996e-01 -8.76535637e-05 -3.48359447e-06
9.17891092e-01 2.87299126e-05 3.96832386e-01 8.03930881e-01
0.00000000e+00 0.00000000e+00 0.00000000e+00 1.00000000e+00
2.55707346e-01 -1.23243990e-01 -9.58866347e-01 -3.84565183e-01
8.76838384e-02 9.90709442e-01 -1.03953573e-01 6.27343783e-03
9.62769597e-01 -5.74953896e-02 2.64138189e-01 7.70778129e-01
0.00000000e+00 0.00000000e+00 0.00000000e+00 1.00000000e+00
5.35370676e-01 -4.23511071e-02 -8.43554754e-01 -6.27518127e-02
2.40030026e-02 9.99101588e-01 -3.49266653e-02 -4.61120044e-04
8.44276077e-01 -1.54913453e-03 5.35906247e-01 9.16783136e-01
0.00000000e+00 0.00000000e+00 0.00000000e+00 1.00000000e+00
2.19142308e-01 -2.72440328e-01 -9.36884687e-01 -1.59932477e-02
4.56925341e-01 8.77077228e-01 -1.48171419e-01 -8.12129693e-02
8.62088094e-01 -3.95615728e-01 3.16689617e-01 8.40638740e-01
0.00000000e+00 0.00000000e+00 0.00000000e+00 1.00000000e+00
-2.20174837e-01 -6.01788512e-01 -7.67706733e-01 1.79440874e-03
6.27147555e-01 5.15471970e-01 -5.83930297e-01 -5.01197807e-02
7.47133847e-01 -6.10032159e-01 2.63916237e-01 6.82036100e-01
0.00000000e+00 0.00000000e+00 0.00000000e+00 1.00000000e+00
1.39846729e-01 2.47199067e-03 -9.90170077e-01 6.96308395e-02
-6.08384086e-01 7.89189695e-01 -8.39549252e-02 3.65733727e-02
7.81224485e-01 6.14144539e-01 1.11869517e-01 6.86380560e-01
0.00000000e+00 0.00000000e+00 0.00000000e+00 1.00000000e+00
5.85617333e-01 -1.32674670e-02 -8.10479064e-01 -1.74384010e-01
-8.05876645e-01 -1.17171491e-01 -5.80373736e-01 -3.50191473e-01
-8.72649511e-02 9.93023069e-01 -7.93095979e-02 5.86582767e-01
0.00000000e+00 0.00000000e+00 0.00000000e+00 1.00000000e+00
1.78204498e-03 -8.99837297e-03 -9.99957926e-01 1.65086560e-01
-4.00501700e-02 9.99156571e-01 -9.06253599e-03 6.82499569e-04
9.99196081e-01 4.00646348e-02 1.42015558e-03 5.66548317e-01
0.00000000e+00 0.00000000e+00 0.00000000e+00 1.00000000e+00
4.77432259e-01 -6.78882829e-02 -8.76042019e-01 2.98019337e-01
-6.05293371e-02 9.92101200e-01 -1.09869964e-01 1.33527329e-03
8.76581221e-01 1.05481708e-01 4.69551884e-01 8.08541409e-01
0.00000000e+00 0.00000000e+00 0.00000000e+00 1.00000000e+00
