9.99769438e-01 3.36648876e-03 2.12070109e-02 -3.71082217e-01
-8.32446597e-07 9.87639466e-01 -1.56742736e-01 5.99361550e-08
-2.14725536e-02 1.56706579e-01 9.87411757e-01 6.35638693e-01
0.00000000e+00 0.00000000e+00 0.00000000e+00 1.00000000e+00
9.78477444e-01 3.23888586e-02 2.03796106e-01 -2.05132193e-01
5.61292672e-07 9.87604877e-01 -1.56960526e-01 -4.04130724e-08
-2.06353800e-01 1.53582449e-01 9.66349078e-01 6.59725342e-01
0.00000000e+00 0.00000000e+00 0.00000000e+00 1.00000000e+00
9.03600404e-01 6.71916975e-02 4.23073971e-01 -4.60202776e-02
2.65604350e-07 9.87622028e-01 -1.56852572e-01 -1.91235132e-08
-4.28376364e-01 1.41732160e-01 8.92415646e-01 5.70805016e-01
0.00000000e+00 0.00000000e+00 0.00000000e+00 1.00000000e+00
9.59930277e-01 4.39539388e-02 2.76770510e-01 2.55656611e-02
1.46806881e-05 9.87615420e-01 -1.56894173e-01 -1.05700954e-06
-2.80238940e-01 1.50611530e-01 9.48041298e-01 6.44798167e-01
0.00000000e+00 0.00000000e+00 0.00000000e+00 1.00000000e+00
9.42983973e-01 5.21552393e-02 3.28726417e-01 5.22725107e-02
1.63208465e-05 9.87639237e-01 -1.56744175e-01 -1.17510095e-06
-3.32838138e-01 1.47812610e-01 9.31327121e-01 6.63031876e-01
0.00000000e+00 0.00000000e+00 0.00000000e+00 1.00000000e+00
6.01286147e-01 -6.61983378e-01 -4.47473997e-01 3.37846230e-03
7.01672865e-01 1.69551202e-01 6.92031488e-01 -5.05204463e-02
-3.82243587e-01 -7.30089308e-01 5.66444562e-01 6.51023315e-01
0.00000000e+00 0.00000000e+00 0.00000000e+00 1.00000000e+00
9.60291151e-01 -4.37950364e-02 -2.75541103e-01 -1.58154097e-01
4.32760011e-05 9.87626494e-01 -1.56824446e-01 -3.11587208e-06
2.78999826e-01 1.50585203e-01 9.48410878e-01 8.38492488e-01
0.00000000e+00 0.00000000e+00 0.00000000e+00 1.00000000e+00
4.69275497e-01 6.16398331e-01 -6.32323972e-01 2.29384846e-02
-7.07377253e-01 -1.66223800e-01 -6.87013152e-01 5.09311622e-02
-5.28581053e-01 7.69690032e-01 3.58021401e-01 7.47987083e-01
0.00000000e+00 0.00000000e+00 0.00000000e+00 1.00000000e+00
-9.14380996e-02 -1.53789392e-01 -9.83863759e-01 -8.57873014e-02
-9.07766200e-01 -3.93306505e-01 1.45844161e-01 6.53591664e-02
-4.09389301e-01 9.06453979e-01 -1.03641612e-01 5.60663248e-01
0.00000000e+00 0.00000000e+00 0.00000000e+00 1.00000000e+00
8.08844613e-01 1.95374617e-01 5.54616219e-01 -1.95718860e-01
-3.25501660e-01 9.34265039e-01 1.45593633e-01 2.34361195e-02
-4.89713243e-01 -2.98291126e-01 8.19270006e-01 5.27526949e-01
0.00000000e+00 0.00000000e+00 0.00000000e+00 1.00000000e+00
9.99999738e-01 -1.13554835e-04 -7.15147194e-04 -3.75996524e-01
5.74463907e-09 9.87628345e-01 -1.56812793e-01 -4.13614013e-10
7.24106491e-04 1.56812752e-01 9.87628086e-01 6.29747885e-01
0.00000000e+00 0.00000000e+00 0.00000000e+00 1.00000000e+00
9.99999736e-01 -1.13989785e-04 -7.17931744e-04 -3.75996855e-01
5.61483199e-09 9.87629845e-01 -1.56803345e-01 -4.04267904e-10
7.26924796e-04 1.56803304e-01 9.87629584e-01 6.29746248e-01
0.00000000e+00 0.00000000e+00 0.00000000e+00 1.00000000e+00
9.99999854e-01 -8.47685482e-05 -5.34308944e-04 -3.76001176e-01
-5.46467084e-09 9.87646076e-01 -1.56701080e-01 3.93456300e-10
5.40991455e-04 1.56701057e-01 9.87645931e-01 6.29771470e-01
0.00000000e+00 0.00000000e+00 0.00000000e+00 1.00000000e+00
9.99999906e-01 -6.81097147e-05 -4.29131685e-04 -3.75968053e-01
-3.76588145e-09 9.87636459e-01 -1.56761679e-01 2.71143464e-10
4.34503091e-04 1.56761664e-01 9.87636366e-01 6.29806951e-01
0.00000000e+00 0.00000000e+00 0.00000000e+00 1.00000000e+00
9.99999684e-01 -1.24642819e-04 -7.84753418e-04 -3.75996989e-01
3.29854442e-09 9.87620823e-01 -1.56860158e-01 -2.37495198e-10
7.94590309e-04 1.56860108e-01 9.87620512e-01 6.29713049e-01
0.00000000e+00 0.00000000e+00 0.00000000e+00 1.00000000e+00
9.99999719e-01 -1.17526601e-04 -7.40407939e-04 -3.76031974e-01
1.43241813e-09 9.87635512e-01 -1.56767649e-01 -1.03134105e-10
7.49677542e-04 1.56767605e-01 9.87635234e-01 6.29696127e-01
0.00000000e+00 0.00000000e+00 0.00000000e+00 1.00000000e+00
9.99999738e-01 -1.13556654e-04 -7.15417159e-04 -3.75975974e-01
1.52432963e-10 9.87635909e-01 -1.56765148e-01 -1.09751733e-11
7.24373402e-04 1.56765106e-01 9.87635650e-01 6.29747146e-01
0.00000000e+00 0.00000000e+00 0.00000000e+00 1.00000000e+00
9.99999737e-01 -1.13778488e-04 -7.16343544e-04 -3.76027802e-01
2.66985781e-09 9.87620483e-01 -1.56862300e-01 -1.92229763e-10
7.25323113e-04 1.56862258e-01 9.87620223e-01 6.29705255e-01
0.00000000e+00 0.00000000e+00 0.00000000e+00 1.00000000e+00
9.99999871e-01 -7.97373527e-05 -5.02442904e-04 -3.75978830e-01
-1.54602681e-09 9.87639766e-01 -1.56740847e-01 1.11313930e-10
5.08730692e-04 1.56740827e-01 9.87639638e-01 6.29780848e-01
0.00000000e+00 0.00000000e+00 0.00000000e+00 1.00000000e+00
9.99999697e-01 -1.22083506e-04 -7.68771090e-04 -3.76025183e-01
1.14311213e-09 9.87624548e-01 -1.56836705e-01 -8.23040734e-11
7.78404375e-04 1.56836657e-01 9.87624249e-01 6.29716057e-01
0.00000000e+00 0.00000000e+00 0.00000000e+00 1.00000000e+00
