-3.80155887e-03 2.73993647e-05 -9.99992774e-01 2.99235231e-01
7.76366330e-05 9.99999997e-01 2.71044202e-05 -6.12292868e-06
9.99992771e-01 -7.75330329e-05 -3.80156099e-03 7.04351363e-01
0.00000000e+00 0.00000000e+00 0.00000000e+00 1.00000000e+00
-3.80350123e-03 4.20904021e-05 -9.99992766e-01 2.99234951e-01
7.76478104e-05 9.99999996e-01 4.17953707e-05 -6.99630511e-06
9.99992764e-01 -7.74882799e-05 -3.80350449e-03 7.04351948e-01
0.00000000e+00 0.00000000e+00 0.00000000e+00 1.00000000e+00
4.09917252e-02 5.61172975e-05 -9.99159484e-01 2.87765881e-01
7.41161212e-05 9.99999996e-01 5.92052078e-05 -6.70444015e-06
9.99159483e-01 -7.64807491e-05 4.09917208e-02 7.50608400e-01
0.00000000e+00 0.00000000e+00 0.00000000e+00 1.00000000e+00
1.02882903e-01 4.54152920e-05 -9.94693473e-01 2.60225871e-01
5.90665926e-05 9.99999997e-01 5.17669370e-05 -6.43533770e-06
9.94693473e-01 -6.40790869e-05 1.02882900e-01 8.09489744e-01
0.00000000e+00 0.00000000e+00 0.00000000e+00 1.00000000e+00
2.36786266e-01 5.86423951e-05 -9.71561764e-01 1.60817751e-01
1.81194051e-05 9.99999998e-01 6.47749053e-05 -5.34295293e-06
9.71561765e-01 -3.29419291e-05 2.36786265e-01 9.04607966e-01
0.00000000e+00 0.00000000e+00 0.00000000e+00 1.00000000e+00
3.61072824e-01 4.77644587e-05 -9.32537621e-01 3.47584320e-02
-2.56719433e-05 9.99999999e-01 4.12798548e-05 -2.33898472e-06
9.32537621e-01 9.03501922e-06 3.61072824e-01 9.37051065e-01
0.00000000e+00 0.00000000e+00 0.00000000e+00 1.00000000e+00
4.21985492e-01 3.85396289e-05 -9.06602583e-01 -3.18252345e-02
-4.43230401e-05 9.99999999e-01 2.18794314e-05 1.01594327e-06
9.06602583e-01 3.09505800e-05 4.21985493e-01 9.28645004e-01
0.00000000e+00 0.00000000e+00 0.00000000e+00 1.00000000e+00
4.63442517e-01 3.25660662e-05 -8.86126984e-01 -7.65859319e-02
-5.26701053e-05 9.99999999e-01 9.20466266e-06 4.07964475e-06
8.86126983e-01 4.24065695e-05 4.63442518e-01 9.12901580e-01
0.00000000e+00 0.00000000e+00 0.00000000e+00 1.00000000e+00
4.66267825e-01 2.61230073e-05 -8.84643609e-01 -7.95906517e-02
-5.32605796e-05 9.99999999e-01 1.45743738e-06 4.26681024e-06
8.84643608e-01 4.64370752e-05 4.66267826e-01 9.11522642e-01
0.00000000e+00 0.00000000e+00 0.00000000e+00 1.00000000e+00
4.66225796e-01 4.80066192e-05 -8.84665759e-01 -7.95948039e-02
-5.95679810e-05 9.99999998e-01 2.28724686e-05 2.01947206e-06
8.84665758e-01 4.20340182e-05 4.66225798e-01 9.11523525e-01
0.00000000e+00 0.00000000e+00 0.00000000e+00 1.00000000e+00
4.66188854e-01 4.19230889e-05 -8.84685227e-01 -7.96222247e-02
-5.82269988e-05 9.99999998e-01 1.67045979e-05 2.57082317e-06
8.84685226e-01 4.37250684e-05 4.66188855e-01 9.11519720e-01
0.00000000e+00 0.00000000e+00 0.00000000e+00 1.00000000e+00
4.04908124e-01 1.29077429e-03 -9.14356465e-01 -1.74398205e-01
-9.20327595e-04 9.99999072e-01 1.00412149e-03 -5.64032081e-05
9.14356913e-01 4.34930540e-04 4.04908936e-01 8.89363013e-01
0.00000000e+00 0.00000000e+00 0.00000000e+00 1.00000000e+00
3.30340697e-01 2.48059345e-03 -9.43858501e-01 -2.79434660e-01
-2.06551089e-03 9.99996052e-01 1.90522345e-03 -1.43071707e-04
9.43859501e-01 1.32017717e-03 3.30344516e-01 8.44146290e-01
0.00000000e+00 0.00000000e+00 0.00000000e+00 1.00000000e+00
1.86348587e-01 3.90736007e-03 -9.82475922e-01 -4.44057778e-01
-4.77001150e-03 9.99983904e-01 3.07225064e-03 -3.54932778e-04
9.82472112e-01 4.11391188e-03 1.86364226e-01 7.10729345e-01
0.00000000e+00 0.00000000e+00 0.00000000e+00 1.00000000e+00
5.81971757e-02 3.75795231e-03 -9.98298035e-01 -5.40415848e-01
-7.45800635e-03 9.99966646e-01 3.32945869e-03 -5.73070427e-04
9.98277250e-01 7.25154799e-03 5.82232615e-02 5.55289790e-01
0.00000000e+00 0.00000000e+00 0.00000000e+00 1.00000000e+00
-1.50327550e-02 3.00121489e-03 -9.99882498e-01 -5.72027947e-01
-9.02966082e-03 9.99954311e-01 3.13718708e-03 -6.99391672e-04
9.99846229e-01 9.07576037e-03 -1.50049682e-02 4.56692100e-01
0.00000000e+00 0.00000000e+00 0.00000000e+00 1.00000000e+00
-5.76507370e-02 2.33925755e-03 -9.98334073e-01 -5.82197657e-01
-1.00338121e-02 9.99945389e-01 2.92245506e-03 -7.81813325e-04
9.98286389e-01 1.01855782e-02 -5.76241170e-02 3.97274478e-01
0.00000000e+00 0.00000000e+00 0.00000000e+00 1.00000000e+00
-5.76994189e-02 2.33935977e-03 -9.98331260e-01 -5.82199968e-01
-1.00113710e-02 9.99945616e-01 2.92175849e-03 -7.77907385e-04
9.98283802e-01 1.01632484e-02 -5.76728608e-02 3.97289414e-01
0.00000000e+00 0.00000000e+00 0.00000000e+00 1.00000000e+00
-5.77249271e-02 2.33384246e-03 -9.98329798e-01 -5.82201966e-01
-9.98931528e-03 9.99945856e-01 2.91521759e-03 -7.76319388e-04
9.98282548e-01 1.01409118e-02 -5.76984882e-02 3.97285133e-01
0.00000000e+00 0.00000000e+00 0.00000000e+00 1.00000000e+00
-1.33797139e-01 5.57755824e-01 -8.19150027e-01 1.87453712e-01
-1.32764348e-01 8.09042559e-01 5.72558962e-01 1.86012716e-01
9.82075330e-01 1.85360670e-01 -3.41974915e-02 6.23232089e-01
0.00000000e+00 0.00000000e+00 0.00000000e+00 1.00000000e+00
-1.30988374e-01 5.56932440e-01 -8.20163583e-01 1.87418475e-01
-1.32393378e-01 8.10054531e-01 5.71212438e-01 1.87216316e-01
9.82503964e-01 1.83406416e-01 -3.23735588e-02 6.23302600e-01
0.00000000e+00 0.00000000e+00 0.00000000e+00 1.00000000e+00
-1.23734458e-02 5.38696797e-01 -8.42408843e-01 1.84003131e-01
-1.19307358e-01 8.35659568e-01 5.36133231e-01 2.32083517e-01
9.92780264e-01 1.07139389e-01 5.39305030e-02 6.25099256e-01
0.00000000e+00 0.00000000e+00 0.00000000e+00 1.00000000e+00
1.25840537e-01 5.04407854e-01 -8.54246379e-01 1.64234528e-01
-7.31806487e-02 8.63465479e-01 4.99071096e-01 2.93993472e-01
9.89347640e-01 -2.89070314e-04 1.45571853e-01 6.23145185e-01
0.00000000e+00 0.00000000e+00 0.00000000e+00 1.00000000e+00
3.06635243e-01 4.20871468e-01 -8.53722458e-01 6.83553509e-02
7.83950654e-02 8.82715598e-01 4.63322120e-01 4.05949073e-01
9.48593191e-01 -2.08998519e-01 2.37677465e-01 6.05828405e-01
0.00000000e+00 0.00000000e+00 0.00000000e+00 1.00000000e+00
3.19948344e-01 3.45526823e-01 -8.82181541e-01 -1.60405506e-01
2.80310508e-01 8.54917680e-01 4.36510916e-01 4.66454716e-01
9.05018826e-01 -3.86945700e-01 1.76674697e-01 5.60352397e-01
0.00000000e+00 0.00000000e+00 0.00000000e+00 1.00000000e+00
1.32881061e-01 3.05976578e-01 -9.42719978e-01 -4.09933659e-01
3.28244182e-01 8.83892704e-01 3.33150784e-01 3.64813177e-01
9.35199647e-01 -3.53711778e-01 1.70175683e-02 4.99972397e-01
0.00000000e+00 0.00000000e+00 0.00000000e+00 1.00000000e+00
-4.21806363e-02 2.04267737e-01 -9.78005872e-01 -5.40459036e-01
2.10445660e-01 9.58732606e-01 1.91165936e-01 1.96231426e-01
9.76695151e-01 -1.97753590e-01 -8.34272101e-02 4.49024983e-01
0.00000000e+00 0.00000000e+00 0.00000000e+00 1.00000000e+00
-1.05826385e-01 1.15489328e-01 -9.87655300e-01 -5.74894492e-01
1.08318781e-01 9.88661165e-01 1.04000686e-01 9.87106222e-02
9.88467409e-01 -9.59756013e-02 -1.17136101e-01 4.23212263e-01
0.00000000e+00 0.00000000e+00 0.00000000e+00 1.00000000e+00
-1.36888334e-01 2.95043164e-02 -9.90146999e-01 -5.87537855e-01
1.43129114e-02 9.99510904e-01 2.78045738e-02 2.02196476e-02
9.90483076e-01 -1.03657645e-02 -1.37243675e-01 4.02765630e-01
0.00000000e+00 0.00000000e+00 0.00000000e+00 1.00000000e+00
-1.36968994e-01 2.90326165e-02 -9.90149788e-01 -5.87567683e-01
1.37975185e-02 9.99529351e-01 2.73990062e-02 1.98148350e-02
9.90479239e-01 -9.90879573e-03 -1.37305108e-01 4.02670064e-01
0.00000000e+00 0.00000000e+00 0.00000000e+00 1.00000000e+00
-1.36997071e-01 2.90215322e-02 -9.90146228e-01 -5.87569653e-01
1.38278454e-02 9.99529361e-01 2.73833283e-02 1.98170168e-02
9.90474933e-01 -9.94015322e-03 -1.37333900e-01 4.02668402e-01
0.00000000e+00 0.00000000e+00 0.00000000e+00 1.00000000e+00
-1.37015590e-01 2.90182926e-02 -9.90143761e-01 -5.87571312e-01
1.38328698e-02 9.99529406e-01 2.73791736e-02 1.98164828e-02
9.90472301e-01 -9.94515614e-03 -1.37352518e-01 4.02664883e-01
0.00000000e+00 0.00000000e+00 0.00000000e+00 1.00000000e+00
-1.37014953e-01 2.90194593e-02 -9.90143815e-01 -5.87571218e-01
1.38330104e-02 9.99529372e-01 2.73803383e-02 1.98171700e-02
9.90472387e-01 -9.94515392e-03 -1.37351897e-01 4.02665251e-01
0.00000000e+00 0.00000000e+00 0.00000000e+00 1.00000000e+00
-1.21532974e-01 -5.39435798e-02 -9.91120490e-01 -5.82482903e-01
-4.84524976e-02 9.97654185e-01 -4.83578561e-02 -4.43209015e-02
9.91404101e-01 4.21451891e-02 -1.23861581e-01 4.33235233e-01
0.00000000e+00 0.00000000e+00 0.00000000e+00 1.00000000e+00
-8.50397996e-02 -1.58207331e-01 -9.83737095e-01 -5.61964938e-01
-1.24223135e-01 9.81293694e-01 -1.47075826e-01 -1.29040062e-01
9.88603482e-01 1.09695607e-01 -1.03102030e-01 4.74397323e-01
0.00000000e+00 0.00000000e+00 0.00000000e+00 1.00000000e+00
4.02718603e-02 -3.43468099e-01 -9.38300508e-01 -4.67275915e-01
-2.40121232e-01 9.08216000e-01 -3.42761566e-01 -2.90130786e-01
9.69907197e-01 2.39109520e-01 -4.58984352e-02 5.62065076e-01
0.00000000e+00 0.00000000e+00 0.00000000e+00 1.00000000e+00
2.46007989e-01 -5.08102515e-01 -8.25416201e-01 -2.58086010e-01
-2.66501137e-01 7.83307859e-01 -5.61610133e-01 -4.17915269e-01
9.31910518e-01 3.58134935e-01 5.72900931e-02 6.75026095e-01
0.00000000e+00 0.00000000e+00 0.00000000e+00 1.00000000e+00
3.70624766e-01 -5.95173230e-01 -7.13026023e-01 -7.94490107e-02
-1.90370581e-01 7.02720394e-01 -6.85523953e-01 -4.20381812e-01
9.09063433e-01 3.89811333e-01 1.47142108e-01 7.53930468e-01
0.00000000e+00 0.00000000e+00 0.00000000e+00 1.00000000e+00
4.02148492e-01 -6.28653392e-01 -6.65636164e-01 -1.46619471e-02
-1.42365592e-01 6.75236684e-01 -7.23731621e-01 -3.97678715e-01
9.04438295e-01 3.85811266e-01 1.82046802e-01 7.82937378e-01
0.00000000e+00 0.00000000e+00 0.00000000e+00 1.00000000e+00
4.18236263e-01 -6.58211154e-01 -6.25968454e-01 3.36949664e-02
-9.68942336e-02 6.52875003e-01 -7.51242795e-01 -3.69295879e-01
9.03155543e-01 3.74849713e-01 2.09279137e-01 8.05962398e-01
0.00000000e+00 0.00000000e+00 0.00000000e+00 1.00000000e+00
4.18247848e-01 -6.58203333e-01 -6.25968937e-01 3.36751193e-02
-9.68394919e-02 6.52901337e-01 -7.51226967e-01 -3.69293870e-01
9.03156050e-01 3.74817576e-01 2.09334503e-01 8.05962873e-01
0.00000000e+00 0.00000000e+00 0.00000000e+00 1.00000000e+00
4.18248054e-01 -6.58245072e-01 -6.25924907e-01 3.36745543e-02
-9.67955204e-02 6.52869389e-01 -7.51260400e-01 -3.69293231e-01
9.03160668e-01 3.74799928e-01 2.09346177e-01 8.05961428e-01
0.00000000e+00 0.00000000e+00 0.00000000e+00 1.00000000e+00
4.18260669e-01 -6.58263077e-01 -6.25897543e-01 3.36775265e-02
-9.67925193e-02 6.52842740e-01 -7.51283944e-01 -3.69296446e-01
9.03155148e-01 3.74814725e-01 2.09343500e-01 8.05957849e-01
0.00000000e+00 0.00000000e+00 0.00000000e+00 1.00000000e+00
4.18260669e-01 -6.58263077e-01 -6.25897543e-01 3.36775265e-02
-9.67925193e-02 6.52842740e-01 -7.51283944e-01 -3.69296446e-01
9.03155148e-01 3.74814725e-01 2.09343500e-01 8.05957849e-01
0.00000000e+00 0.00000000e+00 0.00000000e+00 1.00000000e+00
4.18260669e-01 -6.58263077e-01 -6.25897543e-01 3.36775265e-02
-9.67925193e-02 6.52842740e-01 -7.51283944e-01 -3.69296446e-01
9.03155148e-01 3.74814725e-01 2.09343500e-01 8.05957849e-01
0.00000000e+00 0.00000000e+00 0.00000000e+00 1.00000000e+00
4.32759916e-01 -6.38630849e-01 -6.36293559e-01 3.45157422e-02
-6.32831700e-02 6.82548023e-01 -7.28095760e-01 -3.50360029e-01
8.99285325e-01 3.55357334e-01 2.54964841e-01 8.18704457e-01
0.00000000e+00 0.00000000e+00 0.00000000e+00 1.00000000e+00
5.00888056e-01 -5.39620688e-01 -6.76698359e-01 3.83952091e-02
8.06460453e-02 8.07544188e-01 -5.84267576e-01 -2.56219198e-01
8.61746698e-01 2.38079604e-01 4.48007513e-01 8.68777111e-01
0.00000000e+00 0.00000000e+00 0.00000000e+00 1.00000000e+00
5.84398434e-01 -3.97203304e-01 -7.07607240e-01 4.31832037e-02
2.26294703e-01 9.17188878e-01 -3.27956202e-01 -1.24196261e-01
7.79274777e-01 3.15293208e-02 6.25888747e-01 9.08738236e-01
0.00000000e+00 0.00000000e+00 0.00000000e+00 1.00000000e+00
7.16510683e-01 -7.61240240e-02 -6.93410105e-01 5.08681074e-02
3.69749525e-01 8.84347530e-01 2.84981991e-01 1.50669879e-01
5.91521537e-01 -4.60580698e-01 6.61791275e-01 8.98721286e-01
0.00000000e+00 0.00000000e+00 0.00000000e+00 1.00000000e+00
6.94095911e-01 6.00355844e-01 -3.97245173e-01 4.92771684e-02
5.08763077e-01 -1.86888850e-02 8.60703699e-01 5.72868943e-01
5.09304426e-01 -7.99514594e-01 -3.18410765e-01 5.26350365e-01
0.00000000e+00 0.00000000e+00 0.00000000e+00 1.00000000e+00
6.08527999e-01 7.35538126e-01 -2.97787406e-01 4.37353147e-02
6.19646829e-01 -2.06027224e-01 7.57357637e-01 6.10585218e-01
4.95713105e-01 -6.45396349e-01 -5.81147202e-01 3.83255892e-01
0.00000000e+00 0.00000000e+00 0.00000000e+00 1.00000000e+00
5.34011922e-01 8.12761083e-01 -2.32917774e-01 3.88071288e-02
7.08640675e-01 -2.80005967e-01 6.47630336e-01 6.15964086e-01
4.61150366e-01 -5.10897329e-01 -7.25482087e-01 2.83508558e-01
0.00000000e+00 0.00000000e+00 0.00000000e+00 1.00000000e+00
5.05821431e-01 8.36258582e-01 -2.11698521e-01 3.69266908e-02
7.39855125e-01 -2.94368342e-01 6.04947662e-01 6.14026018e-01
4.43575331e-01 -4.62621728e-01 -7.67608014e-01 2.49583903e-01
0.00000000e+00 0.00000000e+00 0.00000000e+00 1.00000000e+00
5.05859441e-01 8.36221962e-01 -2.11752345e-01 3.69254205e-02
7.39850066e-01 -2.94371714e-01 6.04952207e-01 6.14029858e-01
4.43540421e-01 -4.62685772e-01 -7.67589585e-01 2.49602112e-01
0.00000000e+00 0.00000000e+00 0.00000000e+00 1.00000000e+00
5.05866820e-01 8.36212436e-01 -2.11772338e-01 3.69238128e-02
7.39859958e-01 -2.94376808e-01 6.04937632e-01 6.14030783e-01
4.43515506e-01 -4.62699749e-01 -7.67595557e-01 2.49599524e-01
0.00000000e+00 0.00000000e+00 0.00000000e+00 1.00000000e+00
5.05862224e-01 8.36215902e-01 -2.11769628e-01 3.69248463e-02
7.39863555e-01 -2.94376767e-01 6.04933252e-01 6.14030831e-01
4.43514746e-01 -4.62693510e-01 -7.67599756e-01 2.49597844e-01
0.00000000e+00 0.00000000e+00 0.00000000e+00 1.00000000e+00
5.29671417e-01 8.18035381e-01 -2.24201485e-01 4.70343688e-02
7.38545018e-01 -3.14800201e-01 5.96198030e-01 6.13975932e-01
4.17132409e-01 -4.81371945e-01 -7.70896623e-01 2.53049144e-01
0.00000000e+00 0.00000000e+00 0.00000000e+00 1.00000000e+00
6.41624233e-01 7.01881208e-01 -3.09323637e-01 1.01312282e-01
7.19740150e-01 -4.11546793e-01 5.59109428e-01 6.09462579e-01
2.65127251e-01 -5.81370799e-01 -7.69230482e-01 2.71534695e-01
0.00000000e+00 0.00000000e+00 0.00000000e+00 1.00000000e+00
3.63200944e-01 -2.39020453e-01 -9.00530009e-01 3.78622199e-01
4.31714869e-01 8.99688281e-01 -6.46781920e-02 1.13557530e-01
8.25655707e-01 -3.65281014e-01 4.29956317e-01 6.60556906e-01
0.00000000e+00 0.00000000e+00 0.00000000e+00 1.00000000e+00
1.51885090e-01 -8.54825585e-02 -9.84694700e-01 3.32341230e-01
1.47468581e-01 9.87061987e-01 -6.29416462e-02 3.74790692e-02
9.77335120e-01 -1.35651633e-01 1.62525990e-01 6.92905800e-01
0.00000000e+00 0.00000000e+00 0.00000000e+00 1.00000000e+00
-8.53796012e-03 -1.48273572e-03 -9.99962452e-01 2.99293745e-01
2.55349068e-03 9.99995608e-01 -1.50458730e-03 6.58168774e-04
9.99960291e-01 -2.56624090e-03 -8.53413647e-03 7.04234809e-01
0.00000000e+00 0.00000000e+00 0.00000000e+00 1.00000000e+00
-1.20104772e-02 1.30437666e-04 -9.99927863e-01 2.98592213e-01
-4.53840892e-05 9.99999990e-01 1.30992199e-04 -1.99611261e-05
9.99927871e-01 4.69540941e-05 -1.20104712e-02 7.04407879e-01
0.00000000e+00 0.00000000e+00 0.00000000e+00 1.00000000e+00
-1.19339512e-02 7.74010006e-05 -9.99928785e-01 2.98603046e-01
4.74171427e-05 9.99999996e-01 7.68405986e-05 -1.18560714e-05
9.99928787e-01 -4.64967539e-05 -1.19339548e-02 7.04402709e-01
0.00000000e+00 0.00000000e+00 0.00000000e+00 1.00000000e+00
-1.19352039e-02 9.55756181e-05 -9.99928768e-01 2.98601339e-01
4.01236801e-05 9.99999995e-01 9.51035076e-05 -1.23811183e-05
9.99928772e-01 -3.89857423e-05 -1.19352077e-02 7.04405196e-01
0.00000000e+00 0.00000000e+00 0.00000000e+00 1.00000000e+00
-1.12814329e-02 9.14880485e-05 -9.99936358e-01 2.98872662e-01
3.97008842e-05 9.99999995e-01 9.10459595e-05 -1.20737885e-05
9.99936362e-01 -3.86712287e-05 -1.12814365e-02 7.04209247e-01
0.00000000e+00 0.00000000e+00 0.00000000e+00 1.00000000e+00
-1.03985006e-02 8.21129391e-05 -9.99945931e-01 2.99238569e-01
3.96195723e-05 9.99999996e-01 8.17053723e-05 -1.10181029e-05
9.99945933e-01 -3.87678167e-05 -1.03985038e-02 7.03945236e-01
0.00000000e+00 0.00000000e+00 0.00000000e+00 1.00000000e+00
-8.66004912e-03 6.77596002e-05 -9.99962499e-01 2.99959357e-01
3.94774339e-05 9.99999997e-01 6.74202518e-05 -8.91238902e-06
9.99962500e-01 -3.88920908e-05 -8.66005177e-03 7.03422981e-01
0.00000000e+00 0.00000000e+00 0.00000000e+00 1.00000000e+00
-6.69873869e-03 6.29527187e-05 -9.99977561e-01 3.00772301e-01
3.93211178e-05 9.99999997e-01 6.26907233e-05 -5.36944635e-06
9.99977562e-01 -3.89002867e-05 -6.69874115e-03 7.02833332e-01
0.00000000e+00 0.00000000e+00 0.00000000e+00 1.00000000e+00
-5.59740907e-03 6.54835082e-05 -9.99984332e-01 3.01225734e-01
3.35210094e-05 9.99999997e-01 6.52969002e-05 -4.84126205e-06
9.99984334e-01 -3.31549907e-05 -5.59741125e-03 7.02504355e-01
0.00000000e+00 0.00000000e+00 0.00000000e+00 1.00000000e+00
-4.77990194e-03 6.06956478e-05 -9.99988574e-01 3.01565161e-01
2.58087815e-05 9.99999998e-01 6.05729763e-05 -3.96799188e-06
9.99988576e-01 -2.55189538e-05 -4.77990350e-03 7.02256830e-01
0.00000000e+00 0.00000000e+00 0.00000000e+00 1.00000000e+00
-4.66161716e-03 6.45248072e-05 -9.99989133e-01 3.01612546e-01
2.19715771e-05 9.99999998e-01 6.44230841e-05 -4.24502067e-06
9.99989134e-01 -2.16710225e-05 -4.66161856e-03 7.02222379e-01
0.00000000e+00 0.00000000e+00 0.00000000e+00 1.00000000e+00
-4.66159470e-03 5.01293105e-05 -9.99989133e-01 3.01610849e-01
5.65080360e-05 9.99999997e-01 4.98664347e-05 -3.19383832e-06
9.99989133e-01 -5.62749648e-05 -4.66159752e-03 7.02219565e-01
0.00000000e+00 0.00000000e+00 0.00000000e+00 1.00000000e+00
-4.66084053e-03 5.48105923e-05 -9.99989137e-01 3.01610667e-01
5.05571859e-05 9.99999997e-01 5.45755461e-05 -2.98691571e-06
9.99989137e-01 -5.03022688e-05 -4.66084329e-03 7.02220580e-01
0.00000000e+00 0.00000000e+00 0.00000000e+00 1.00000000e+00
-4.65339450e-03 5.92434921e-05 -9.99989171e-01 3.01611426e-01
4.69183653e-05 9.99999997e-01 5.90258015e-05 -3.74355499e-06
9.99989172e-01 -4.66431869e-05 -4.65339726e-03 7.02219624e-01
0.00000000e+00 0.00000000e+00 0.00000000e+00 1.00000000e+00
-4.64375391e-03 4.53626818e-05 -9.99989217e-01 3.01612733e-01
3.97392467e-05 9.99999998e-01 4.51786296e-05 -2.96572725e-06
9.99989217e-01 -3.95290197e-05 -4.64375570e-03 7.02216991e-01
0.00000000e+00 0.00000000e+00 0.00000000e+00 1.00000000e+00
-4.61120677e-03 5.47263798e-05 -9.99989367e-01 3.01617154e-01
3.34753692e-05 9.99999998e-01 5.45725981e-05 -3.41676653e-06
9.99989368e-01 -3.32233677e-05 -4.61120860e-03 7.02211746e-01
0.00000000e+00 0.00000000e+00 0.00000000e+00 1.00000000e+00
-4.56600280e-03 4.62113206e-05 -9.99989575e-01 3.01623650e-01
8.50770718e-06 9.99999999e-01 4.61729557e-05 -2.58274439e-06
9.99989576e-01 -8.29679264e-06 -4.56600319e-03 7.02204262e-01
0.00000000e+00 0.00000000e+00 0.00000000e+00 1.00000000e+00
-4.50916441e-03 4.14382279e-05 -9.99989833e-01 3.01630784e-01
-2.02762543e-05 9.99999999e-01 4.15300791e-05 -3.21970359e-06
9.99989833e-01 2.04633141e-05 -4.50916357e-03 7.02196877e-01
0.00000000e+00 0.00000000e+00 0.00000000e+00 1.00000000e+00
-4.48671420e-03 3.82603131e-05 -9.99989934e-01 3.01634375e-01
-3.37128357e-05 9.99999999e-01 3.84119595e-05 -3.23013065e-06
9.99989934e-01 3.38848399e-05 -4.48671291e-03 7.02194677e-01
0.00000000e+00 0.00000000e+00 0.00000000e+00 1.00000000e+00
-4.47078027e-03 4.40080790e-05 -9.99990005e-01 3.01636122e-01
-4.13827298e-05 9.99999998e-01 4.41935338e-05 -3.78236462e-06
9.99990005e-01 4.15798957e-05 -4.47077844e-03 7.02192102e-01
0.00000000e+00 0.00000000e+00 0.00000000e+00 1.00000000e+00
-4.47078005e-03 3.92753232e-05 -9.99990005e-01 3.01636122e-01
-5.09911713e-05 9.99999998e-01 3.95036883e-05 -3.04692737e-06
9.99990005e-01 5.11672740e-05 -4.47077804e-03 7.02192102e-01
0.00000000e+00 0.00000000e+00 0.00000000e+00 1.00000000e+00
-4.48188838e-03 4.40079231e-05 -9.99989955e-01 3.01635061e-01
-4.13826991e-05 9.99999998e-01 4.41938396e-05 -3.78236171e-06
9.99989955e-01 4.15803553e-05 -4.48188655e-03 7.02193221e-01
0.00000000e+00 0.00000000e+00 0.00000000e+00 1.00000000e+00
-4.47110481e-03 4.40080790e-05 -9.99990004e-01 3.01636098e-01
-4.13827289e-05 9.99999998e-01 4.41935472e-05 -3.78236455e-06
9.99990004e-01 4.15799092e-05 -4.47110299e-03 7.02192102e-01
0.00000000e+00 0.00000000e+00 0.00000000e+00 1.00000000e+00
-4.49072849e-03 3.84259322e-05 -9.99989916e-01 3.01632720e-01
-4.14077411e-05 9.99999998e-01 3.86122724e-05 -2.09875527e-06
9.99989916e-01 4.15807208e-05 -4.49072689e-03 7.02195888e-01
0.00000000e+00 0.00000000e+00 0.00000000e+00 1.00000000e+00
-4.52906058e-03 1.89221320e-05 -9.99989744e-01 3.01621504e-01
-3.00088122e-05 9.99999999e-01 1.90582392e-05 5.77092418e-06
9.99989743e-01 3.00948203e-05 -4.52906001e-03 7.02207450e-01
0.00000000e+00 0.00000000e+00 0.00000000e+00 1.00000000e+00
-4.63099053e-03 4.64120020e-06 -9.99989277e-01 3.01595092e-01
2.36064540e-05 1.00000000e+00 4.53192753e-06 1.68490178e-05
9.99989277e-01 -2.35852136e-05 -4.63099064e-03 7.02233622e-01
0.00000000e+00 0.00000000e+00 0.00000000e+00 1.00000000e+00
-4.68536426e-03 -9.82201814e-07 -9.99989024e-01 3.01584414e-01
7.14659366e-05 9.99999997e-01 -1.31706021e-06 2.25240373e-05
9.99989021e-01 -7.14713230e-05 -4.68536418e-03 7.02244909e-01
0.00000000e+00 0.00000000e+00 0.00000000e+00 1.00000000e+00
-4.71598605e-03 -1.81870911e-06 -9.99988880e-01 3.01577028e-01
8.48452981e-05 9.99999996e-01 -2.21886302e-06 2.61184956e-05
9.99988876e-01 -8.48548187e-05 -4.71598588e-03 7.02252452e-01
0.00000000e+00 0.00000000e+00 0.00000000e+00 1.00000000e+00
-4.71157366e-03 -1.14063573e-05 -9.99988900e-01 3.01578343e-01
8.48455905e-05 9.99999996e-01 -1.18062446e-05 2.61185828e-05
9.99988897e-01 -8.49002748e-05 -4.71157267e-03 7.02251122e-01
0.00000000e+00 0.00000000e+00 0.00000000e+00 1.00000000e+00
-4.71810690e-03 -1.81938384e-06 -9.99988870e-01 3.01578287e-01
8.48451542e-05 9.99999996e-01 -2.21971705e-06 2.61185788e-05
9.99988866e-01 -8.48546827e-05 -4.71810673e-03 7.02250062e-01
0.00000000e+00 0.00000000e+00 0.00000000e+00 1.00000000e+00
-4.71735470e-03 1.41203518e-06 -9.99988873e-01 3.01578529e-01
8.48604480e-05 9.99999996e-01 1.01172960e-06 2.51440720e-05
9.99988870e-01 -8.48547311e-05 -4.71735480e-03 7.02250105e-01
0.00000000e+00 0.00000000e+00 0.00000000e+00 1.00000000e+00
-4.71123455e-03 1.13016443e-06 -9.99988902e-01 3.01580130e-01
7.99817798e-05 9.99999997e-01 7.53359865e-07 2.48766607e-05
9.99988899e-01 -7.99773429e-05 -4.71123462e-03 7.02248868e-01
0.00000000e+00 0.00000000e+00 0.00000000e+00 1.00000000e+00
-4.68636465e-03 1.16415749e-05 -9.99989019e-01 3.01588439e-01
7.72405404e-05 9.99999997e-01 1.12797214e-05 2.15046655e-05
9.99989016e-01 -7.71868313e-05 -4.68636554e-03 7.02240136e-01
0.00000000e+00 0.00000000e+00 0.00000000e+00 1.00000000e+00
-4.62762068e-03 4.34765993e-05 -9.99989292e-01 3.01605660e-01
6.39421670e-05 9.99999997e-01 4.31811615e-05 1.26680449e-05
9.99989290e-01 -6.37416562e-05 -4.62762345e-03 7.02221014e-01
0.00000000e+00 0.00000000e+00 0.00000000e+00 1.00000000e+00
-4.55507601e-03 8.45812776e-05 -9.99989622e-01 3.01626835e-01
2.19036751e-05 9.99999996e-01 8.44823811e-05 1.14999476e-07
9.99989625e-01 -2.15186242e-05 -4.55507785e-03 7.02197119e-01
0.00000000e+00 0.00000000e+00 0.00000000e+00 1.00000000e+00
-4.47841054e-03 1.30633831e-04 -9.99989963e-01 3.01651451e-01
-2.01431845e-05 9.99999991e-01 1.30725352e-04 -1.21947237e-05
9.99989972e-01 2.07284241e-05 -4.47840786e-03 7.02168882e-01
0.00000000e+00 0.00000000e+00 0.00000000e+00 1.00000000e+00
-4.45340054e-03 1.44444620e-04 -9.99990073e-01 3.01659610e-01
-5.07618788e-05 9.99999988e-01 1.44672117e-04 -1.85748094e-05
9.99990082e-01 5.14056577e-05 -4.45339316e-03 7.02159628e-01
0.00000000e+00 0.00000000e+00 0.00000000e+00 1.00000000e+00
-4.42624270e-03 1.57908174e-04 -9.99990192e-01 3.01666765e-01
-6.60432885e-05 9.99999985e-01 1.58202047e-04 -2.37430340e-05
9.99990202e-01 6.67428813e-05 -4.42623220e-03 7.02151380e-01
0.00000000e+00 0.00000000e+00 0.00000000e+00 1.00000000e+00
-4.42624238e-03 1.53154100e-04 -9.99990192e-01 3.01666765e-01
-6.60643311e-05 9.99999986e-01 1.53448020e-04 -2.23088878e-05
9.99990202e-01 6.67428813e-05 -4.42623220e-03 7.02151380e-01
0.00000000e+00 0.00000000e+00 0.00000000e+00 1.00000000e+00
-4.43643132e-03 1.53157606e-04 -9.99990147e-01 3.01664753e-01
-5.83938899e-05 9.99999987e-01 1.53418176e-04 -2.17565418e-05
9.99990157e-01 5.90739438e-05 -4.43642232e-03 7.02153194e-01
0.00000000e+00 0.00000000e+00 0.00000000e+00 1.00000000e+00
-4.43305129e-03 1.53157561e-04 -9.99990162e-01 3.01664727e-01
-5.83940873e-05 9.99999987e-01 1.53417932e-04 -2.17565403e-05
9.99990172e-01 5.90736224e-05 -4.43304228e-03 7.02153435e-01
0.00000000e+00 0.00000000e+00 0.00000000e+00 1.00000000e+00
-4.43263113e-03 1.53045885e-04 -9.99990164e-01 3.01665015e-01
-6.57160001e-05 9.99999986e-01 1.53338686e-04 -2.22511223e-05
9.99990174e-01 6.63950475e-05 -4.43262101e-03 7.02153206e-01
0.00000000e+00 0.00000000e+00 0.00000000e+00 1.00000000e+00
-4.44302182e-03 1.35216533e-04 -9.99990121e-01 3.01662668e-01
-5.84251914e-05 9.99999989e-01 1.35477454e-04 -1.96052327e-05
9.99990128e-01 5.90265435e-05 -4.44301388e-03 7.02156442e-01
0.00000000e+00 0.00000000e+00 0.00000000e+00 1.00000000e+00
-4.46691580e-03 1.21225835e-04 -9.99990016e-01 3.01659271e-01
-5.84662254e-05 9.99999991e-01 1.21488211e-04 -1.67516766e-05
9.99990022e-01 5.90083193e-05 -4.46690868e-03 7.02163650e-01
0.00000000e+00 0.00000000e+00 0.00000000e+00 1.00000000e+00
-4.52072880e-03 6.04060692e-05 -9.99989780e-01 3.01650306e-01
-5.85655597e-05 9.99999996e-01 6.06714481e-05 -9.97398643e-06
9.99989780e-01 5.88392403e-05 -4.52072524e-03 7.02179883e-01
0.00000000e+00 0.00000000e+00 0.00000000e+00 1.00000000e+00
-4.57663947e-03 -1.58815830e-05 -9.99989527e-01 3.01639624e-01
-5.10044967e-05 9.99999999e-01 -1.56483176e-05 -2.18199296e-06
9.99989526e-01 5.09323458e-05 -4.57664028e-03 7.02198511e-01
0.00000000e+00 0.00000000e+00 0.00000000e+00 1.00000000e+00
-4.59421354e-03 -4.24905505e-05 -9.99989446e-01 3.01634760e-01
-5.10643419e-05 9.99999998e-01 -4.22563959e-05 1.74132610e-06
9.99989445e-01 5.08696680e-05 -4.59421570e-03 7.02206620e-01
0.00000000e+00 0.00000000e+00 0.00000000e+00 1.00000000e+00
-4.61190419e-03 -6.88939097e-05 -9.99989363e-01 3.01632244e-01
-5.11012015e-05 9.99999996e-01 -6.86589659e-05 4.13125023e-06
9.99989364e-01 5.07840094e-05 -4.61190769e-03 7.02211956e-01
0.00000000e+00 0.00000000e+00 0.00000000e+00 1.00000000e+00
-4.61343798e-03 -7.84744937e-05 -9.99989355e-01 3.01631812e-01
-4.15139342e-05 9.99999996e-01 -7.82838047e-05 4.82152516e-06
9.99989357e-01 4.11523348e-05 -4.61344122e-03 7.02212419e-01
0.00000000e+00 0.00000000e+00 0.00000000e+00 1.00000000e+00
-4.60923504e-03 -6.81483600e-05 -9.99989375e-01 3.01632410e-01
-4.15065213e-05 9.99999997e-01 -6.79577685e-05 4.34354595e-06
9.99989377e-01 4.11928469e-05 -4.60923785e-03 7.02211151e-01
0.00000000e+00 0.00000000e+00 0.00000000e+00 1.00000000e+00
-4.60889999e-03 -6.65691849e-05 -9.99989377e-01 3.01632458e-01
-4.15065131e-05 9.99999997e-01 -6.63785905e-05 4.34354711e-06
9.99989378e-01 4.12001399e-05 -4.60890274e-03 7.02211050e-01
0.00000000e+00 0.00000000e+00 0.00000000e+00 1.00000000e+00
-4.60810766e-03 -6.87729461e-05 -9.99989380e-01 3.01632784e-01
-4.15064939e-05 9.99999997e-01 -6.85824078e-05 4.34355504e-06
9.99989382e-01 4.11900180e-05 -4.60811050e-03 7.02210811e-01
0.00000000e+00 0.00000000e+00 0.00000000e+00 1.00000000e+00
-4.60810764e-03 -7.49235755e-05 -9.99989380e-01 3.01632784e-01
-4.15082879e-05 9.99999996e-01 -7.47330943e-05 4.46098484e-06
9.99989382e-01 4.11634689e-05 -4.60811074e-03 7.02210811e-01
0.00000000e+00 0.00000000e+00 0.00000000e+00 1.00000000e+00
-4.51144211e-03 1.09272127e-04 -9.99989817e-01 3.01627322e-01
4.31501277e-05 9.99999993e-01 1.09078568e-04 -8.70150232e-06
9.99989822e-01 -4.26575867e-05 -4.51144679e-03 7.02195261e-01
0.00000000e+00 0.00000000e+00 0.00000000e+00 1.00000000e+00
-4.51425877e-03 1.09272247e-04 -9.99989805e-01 3.01626922e-01
4.31502378e-05 9.99999993e-01 1.09078567e-04 -8.70148666e-06
9.99989810e-01 -4.26573890e-05 -4.51426346e-03 7.02196110e-01
0.00000000e+00 0.00000000e+00 0.00000000e+00 1.00000000e+00
-4.52105460e-03 1.01460299e-04 -9.99989775e-01 3.01625319e-01
4.52570524e-05 9.99999994e-01 1.01256724e-04 -9.50674881e-06
9.99989779e-01 -4.47988025e-05 -4.52105917e-03 7.02197552e-01
0.00000000e+00 0.00000000e+00 0.00000000e+00 1.00000000e+00
-4.53719286e-03 8.58496627e-05 -9.99989703e-01 3.01622850e-01
4.52736154e-05 9.99999995e-01 8.56451290e-05 -1.01600211e-05
9.99989706e-01 -4.48845607e-05 -4.53719673e-03 7.02201912e-01
0.00000000e+00 0.00000000e+00 0.00000000e+00 1.00000000e+00
-4.58320561e-03 5.93229239e-05 -9.99989495e-01 3.01613700e-01
4.70641143e-05 9.99999997e-01 5.91078401e-05 -1.34434799e-05
9.99989496e-01 -4.67927165e-05 -4.58320839e-03 7.02213198e-01
0.00000000e+00 0.00000000e+00 0.00000000e+00 1.00000000e+00
-4.63291185e-03 2.56757255e-05 -9.99989268e-01 3.01604576e-01
5.22305336e-05 9.99999998e-01 2.54340189e-05 -1.52243443e-05
9.99989267e-01 -5.21121395e-05 -4.63291319e-03 7.02224016e-01
0.00000000e+00 0.00000000e+00 0.00000000e+00 1.00000000e+00
-4.66121837e-03 -2.65045177e-06 -9.99989136e-01 3.01600092e-01
6.24806452e-05 9.99999998e-01 -2.94171965e-06 -1.59216072e-05
9.99989135e-01 -6.24936784e-05 -4.66121819e-03 7.02229135e-01
0.00000000e+00 0.00000000e+00 0.00000000e+00 1.00000000e+00
-4.67644110e-03 -1.92865946e-05 -9.99989065e-01 3.01598463e-01
6.44005576e-05 9.99999998e-01 -1.95879741e-05 -1.69795230e-05
9.99989063e-01 -6.44914554e-05 -4.67643985e-03 7.02231423e-01
0.00000000e+00 0.00000000e+00 0.00000000e+00 1.00000000e+00
-4.69507892e-03 -1.92859579e-05 -9.99988978e-01 3.01595576e-01
6.44018898e-05 9.99999998e-01 -1.95885457e-05 -1.69793165e-05
9.99988976e-01 -6.44931497e-05 -4.69507767e-03 7.02234380e-01
0.00000000e+00 0.00000000e+00 0.00000000e+00 1.00000000e+00
-4.69300003e-03 -2.08963709e-05 -9.99988988e-01 3.01596181e-01
6.43941839e-05 9.99999998e-01 -2.11988062e-05 -1.64937150e-05
9.99988986e-01 -6.44929608e-05 -4.69299868e-03 7.02233609e-01
0.00000000e+00 0.00000000e+00 0.00000000e+00 1.00000000e+00
-4.68582330e-03 -2.02527102e-05 -9.99989021e-01 3.01597014e-01
6.43966997e-05 9.99999998e-01 -2.05546873e-05 -1.66879675e-05
9.99989019e-01 -6.44923084e-05 -4.68582198e-03 7.02232561e-01
0.00000000e+00 0.00000000e+00 0.00000000e+00 1.00000000e+00
-4.68642984e-03 -2.03092074e-05 -9.99989018e-01 3.01596764e-01
6.43964776e-05 9.99999998e-01 -2.06112233e-05 -1.66708987e-05
9.99989017e-01 -6.44923635e-05 -4.68642852e-03 7.02232744e-01
0.00000000e+00 0.00000000e+00 0.00000000e+00 1.00000000e+00
-4.68394302e-03 -2.12594246e-05 -9.99989030e-01 3.01597789e-01
5.67220424e-05 9.99999998e-01 -2.15253435e-05 -1.69384475e-05
9.99989029e-01 -5.68222436e-05 -4.68394180e-03 7.02231993e-01
0.00000000e+00 0.00000000e+00 0.00000000e+00 1.00000000e+00
-4.58956025e-03 -9.72247441e-06 -9.99989468e-01 3.01618576e-01
3.86611046e-05 9.99999999e-01 -9.90001613e-06 -1.88337558e-05
9.99989467e-01 -3.87061341e-05 -4.58955987e-03 7.02205217e-01
0.00000000e+00 0.00000000e+00 0.00000000e+00 1.00000000e+00
-4.43390115e-03 -1.42249885e-05 -9.99990170e-01 3.01655910e-01
-4.03451503e-05 9.99999999e-01 -1.40462401e-05 -2.49091587e-05
9.99990169e-01 4.02824741e-05 -4.43390172e-03 7.02160567e-01
0.00000000e+00 0.00000000e+00 0.00000000e+00 1.00000000e+00
-4.37768826e-03 2.85118684e-07 -9.99990418e-01 3.01667603e-01
-1.04343542e-04 9.99999995e-01 7.41909290e-07 -3.00896058e-05
9.99990412e-01 1.04345790e-04 -4.37768821e-03 7.02145336e-01
0.00000000e+00 0.00000000e+00 0.00000000e+00 1.00000000e+00
-4.38116801e-03 2.77520333e-06 -9.99990403e-01 3.01666234e-01
-1.04342891e-04 9.99999995e-01 3.23237807e-06 -3.01165286e-05
9.99990397e-01 1.04356051e-04 -4.38116769e-03 7.02147466e-01
0.00000000e+00 0.00000000e+00 0.00000000e+00 1.00000000e+00
-4.38538199e-03 2.95977060e-06 -9.99990384e-01 3.01664833e-01
-9.66731199e-05 9.99999995e-01 3.38375168e-06 -2.95371697e-05
9.99990379e-01 9.66870294e-05 -4.38538168e-03 7.02149349e-01
0.00000000e+00 0.00000000e+00 0.00000000e+00 1.00000000e+00
