9.99999989e-01 -1.18726143e-09 -1.48149325e-04 -3.74027481e-01
1.81771120e-09 1.00000000e+00 4.25550199e-06 -1.30875206e-10
1.48149325e-04 -4.25550221e-06 9.99999989e-01 6.29970361e-01
0.00000000e+00 0.00000000e+00 0.00000000e+00 1.00000000e+00
9.99999992e-01 -2.19236432e-09 -1.26372528e-04 -3.74026351e-01
2.00319418e-09 1.00000000e+00 -1.49692468e-06 -1.44229981e-10
1.26372528e-04 1.49692441e-06 9.99999992e-01 6.29976803e-01
0.00000000e+00 0.00000000e+00 0.00000000e+00 1.00000000e+00
9.99999992e-01 -1.00577647e-09 -1.23283283e-04 -3.74024020e-01
2.00319418e-09 1.00000000e+00 8.09045370e-06 -1.44229981e-10
1.23283283e-04 -8.09045388e-06 9.99999992e-01 6.29977958e-01
0.00000000e+00 0.00000000e+00 0.00000000e+00 1.00000000e+00
9.99999996e-01 -6.25181478e-10 -8.43995109e-05 -3.74013996e-01
2.44085037e-09 1.00000000e+00 2.15127892e-05 -1.75741227e-10
8.43995108e-05 -2.15127894e-05 9.99999996e-01 6.29989663e-01
0.00000000e+00 0.00000000e+00 0.00000000e+00 1.00000000e+00
1.00000000e+00 -5.14126904e-10 -2.90375244e-05 -3.74004520e-01
1.69559258e-09 9.99999999e-01 4.06875483e-05 -1.22082666e-10
2.90375244e-05 -4.06875483e-05 9.99999999e-01 6.30003887e-01
0.00000000e+00 0.00000000e+00 0.00000000e+00 1.00000000e+00
9.99999995e-01 -6.34941645e-09 9.58673598e-05 -3.73986601e-01
-1.45513393e-10 9.99999998e-01 6.77491259e-05 1.04769643e-11
-9.58673600e-05 -6.77491256e-05 9.99999993e-01 6.30034941e-01
0.00000000e+00 0.00000000e+00 0.00000000e+00 1.00000000e+00
9.99999981e-01 -1.73470240e-08 1.96788157e-04 -3.73972904e-01
-2.73457430e-09 9.99999995e-01 1.02046782e-04 1.96889350e-10
-1.96788157e-04 -1.02046781e-04 9.99999975e-01 6.30061330e-01
0.00000000e+00 0.00000000e+00 0.00000000e+00 1.00000000e+00
9.99999972e-01 -2.00917306e-08 2.38566758e-04 -3.73968014e-01
-4.25323963e-09 9.99999995e-01 1.02046782e-04 3.06233253e-10
-2.38566759e-04 -1.02046780e-04 9.99999966e-01 6.30070142e-01
0.00000000e+00 0.00000000e+00 0.00000000e+00 1.00000000e+00
9.99999969e-01 -2.26433353e-08 2.50343179e-04 -3.73967206e-01
-5.30351426e-09 9.99999994e-01 1.11634155e-04 3.81853027e-10
-2.50343180e-04 -1.11634153e-04 9.99999962e-01 6.30071708e-01
0.00000000e+00 0.00000000e+00 0.00000000e+00 1.00000000e+00
9.99999988e-01 -1.35207628e-08 1.53200960e-04 -3.73969650e-01
-1.23162389e-09 9.99999995e-01 9.62943485e-05 8.86769201e-11
-1.53200960e-04 -9.62943475e-05 9.99999984e-01 6.30049570e-01
0.00000000e+00 0.00000000e+00 0.00000000e+00 1.00000000e+00
9.99999983e-01 -1.58673391e-08 1.85752105e-04 -3.73966390e-01
-2.01953895e-09 9.99999995e-01 9.62943484e-05 1.45406804e-10
-1.85752106e-04 -9.62943472e-05 9.99999978e-01 6.30058905e-01
0.00000000e+00 0.00000000e+00 0.00000000e+00 1.00000000e+00
9.99999989e-01 -1.16250593e-08 1.48793143e-04 -3.73977677e-01
-1.68416999e-09 9.99999996e-01 8.94478665e-05 1.21260239e-10
-1.48793143e-04 -8.94478657e-05 9.99999985e-01 6.30045084e-01
0.00000000e+00 0.00000000e+00 0.00000000e+00 1.00000000e+00
9.99999991e-01 -8.48373320e-09 1.32338603e-04 -3.73979940e-01
-1.21465352e-09 9.99999997e-01 7.32846383e-05 8.74550535e-11
-1.32338604e-04 -7.32846378e-05 9.99999989e-01 6.30038930e-01
0.00000000e+00 0.00000000e+00 0.00000000e+00 1.00000000e+00
9.99999995e-01 -3.73294138e-09 9.53140699e-05 -3.73989636e-01
-8.77743018e-10 9.99999999e-01 4.83735969e-05 6.31974973e-11
-9.53140700e-05 -4.83735967e-05 9.99999994e-01 6.30024239e-01
0.00000000e+00 0.00000000e+00 0.00000000e+00 1.00000000e+00
9.99999998e-01 -8.79360847e-10 6.29947669e-05 -3.73999798e-01
-4.75832188e-10 1.00000000e+00 2.15127875e-05 3.42599175e-11
-6.29947670e-05 -2.15127875e-05 9.99999998e-01 6.30011293e-01
0.00000000e+00 0.00000000e+00 0.00000000e+00 1.00000000e+00
9.99999999e-01 -7.63253761e-11 4.97235148e-05 -3.74007504e-01
3.32590843e-10 1.00000000e+00 -5.15380837e-06 -2.39465407e-11
-4.97235148e-05 5.15380838e-06 9.99999999e-01 6.30002933e-01
0.00000000e+00 0.00000000e+00 0.00000000e+00 1.00000000e+00
9.99999998e-01 8.82008317e-11 5.65088175e-05 -3.74011587e-01
5.26533824e-10 1.00000000e+00 -1.08785616e-05 -3.79104353e-11
-5.65088175e-05 1.08785617e-05 9.99999998e-01 6.29999216e-01
0.00000000e+00 0.00000000e+00 0.00000000e+00 1.00000000e+00
9.99999998e-01 4.81824111e-10 6.47030569e-05 -3.74010719e-01
8.83500785e-10 1.00000000e+00 -2.11013970e-05 -6.36120565e-11
-6.47030569e-05 2.11013971e-05 9.99999998e-01 6.30000577e-01
0.00000000e+00 0.00000000e+00 0.00000000e+00 1.00000000e+00
9.99999998e-01 7.31929324e-10 6.40834638e-05 -3.74010929e-01
1.33600397e-10 1.00000000e+00 -1.35062880e-05 -9.61922859e-12
-6.40834638e-05 1.35062880e-05 9.99999998e-01 6.30000345e-01
0.00000000e+00 0.00000000e+00 0.00000000e+00 1.00000000e+00
9.99999997e-01 4.14514691e-09 -8.22714476e-05 -3.74005551e-01
-4.17711566e-09 1.00000000e+00 -3.88576411e-07 3.00752328e-10
8.22714476e-05 3.88576753e-07 9.99999997e-01 6.29983886e-01
0.00000000e+00 0.00000000e+00 0.00000000e+00 1.00000000e+00
9.99999997e-01 4.24797077e-09 -7.61725515e-05 -3.74004410e-01
-4.35715897e-09 1.00000000e+00 -1.43343216e-06 3.13715446e-10
7.61725515e-05 1.43343249e-06 9.99999997e-01 6.29986476e-01
0.00000000e+00 0.00000000e+00 0.00000000e+00 1.00000000e+00
9.99999996e-01 4.01062659e-09 -8.53311582e-05 -3.74003665e-01
-5.46566826e-09 1.00000000e+00 -1.70517039e-05 3.93528115e-10
8.53311582e-05 1.70517043e-05 9.99999996e-01 6.29985341e-01
0.00000000e+00 0.00000000e+00 0.00000000e+00 1.00000000e+00
9.99999997e-01 3.98262073e-09 -7.90781738e-05 -3.74002585e-01
-5.46566826e-09 1.00000000e+00 -1.87541953e-05 3.93528115e-10
7.90781737e-05 1.87541957e-05 9.99999997e-01 6.29987679e-01
0.00000000e+00 0.00000000e+00 0.00000000e+00 1.00000000e+00
9.99999998e-01 3.32075975e-09 -6.64236220e-05 -3.74000432e-01
-4.56648134e-09 1.00000000e+00 -1.87541954e-05 3.28786657e-10
6.64236220e-05 1.87541956e-05 9.99999998e-01 6.29989573e-01
0.00000000e+00 0.00000000e+00 0.00000000e+00 1.00000000e+00
9.99999998e-01 2.19613230e-09 -5.55327568e-05 -3.73998008e-01
-4.20680658e-09 9.99999999e-01 -3.62069954e-05 3.02890073e-10
5.55327567e-05 3.62069955e-05 9.99999998e-01 6.29992511e-01
0.00000000e+00 0.00000000e+00 0.00000000e+00 1.00000000e+00
1.00000000e+00 -3.18224487e-10 -6.12346184e-07 -3.73995314e-01
2.89128038e-10 9.99999999e-01 -4.75163397e-05 -2.08172187e-11
6.12346198e-07 4.75163397e-05 9.99999999e-01 6.29998858e-01
0.00000000e+00 0.00000000e+00 0.00000000e+00 1.00000000e+00
9.99999999e-01 -1.45671292e-09 4.25394900e-05 -3.73992144e-01
3.88587604e-09 9.99999998e-01 -5.71037198e-05 -2.79783075e-10
-4.25394899e-05 5.71037199e-05 9.99999997e-01 6.30003642e-01
0.00000000e+00 0.00000000e+00 0.00000000e+00 1.00000000e+00
9.99999998e-01 -1.09262808e-09 7.06444497e-05 -3.73990258e-01
5.78179301e-09 9.99999998e-01 -6.63769757e-05 -4.16289097e-10
-7.06444495e-05 6.63769759e-05 9.99999995e-01 6.30007341e-01
0.00000000e+00 0.00000000e+00 0.00000000e+00 1.00000000e+00
9.99999997e-01 -8.97330118e-10 7.92593236e-05 -3.73989243e-01
6.94311086e-09 9.99999997e-01 -7.62784799e-05 -4.99903982e-10
-7.92593233e-05 7.62784802e-05 9.99999994e-01 6.30007724e-01
0.00000000e+00 0.00000000e+00 0.00000000e+00 1.00000000e+00
9.99999997e-01 -1.22388063e-09 8.20512249e-05 -3.73989443e-01
7.48262336e-09 9.99999997e-01 -7.62784799e-05 -5.38748882e-10
-8.20512246e-05 7.62784803e-05 9.99999994e-01 6.30007065e-01
0.00000000e+00 0.00000000e+00 0.00000000e+00 1.00000000e+00
9.99999997e-01 -1.22388063e-09 8.20512249e-05 -3.73989443e-01
7.48262336e-09 9.99999997e-01 -7.62784799e-05 -5.38748882e-10
-8.20512246e-05 7.62784803e-05 9.99999994e-01 6.30007065e-01
0.00000000e+00 0.00000000e+00 0.00000000e+00 1.00000000e+00
9.99999997e-01 -1.28649807e-09 7.41573872e-05 -3.73990209e-01
6.94311086e-09 9.99999997e-01 -7.62784799e-05 -4.99903982e-10
-7.41573869e-05 7.62784802e-05 9.99999994e-01 6.30005816e-01
0.00000000e+00 0.00000000e+00 0.00000000e+00 1.00000000e+00
9.99999997e-01 -1.16609549e-09 8.15571806e-05 -3.73989407e-01
7.38715327e-09 9.99999997e-01 -7.62784799e-05 -5.31875036e-10
-8.15571803e-05 7.62784803e-05 9.99999994e-01 6.30007182e-01
0.00000000e+00 0.00000000e+00 0.00000000e+00 1.00000000e+00
9.99999997e-01 -1.27932282e-09 7.29205639e-05 -3.73991398e-01
6.84159269e-09 9.99999997e-01 -7.62784811e-05 -4.92594674e-10
-7.29205636e-05 7.62784814e-05 9.99999994e-01 6.30005354e-01
0.00000000e+00 0.00000000e+00 0.00000000e+00 1.00000000e+00
9.99999998e-01 -1.47071642e-09 6.26200690e-05 -3.73994901e-01
6.24728062e-09 9.99999997e-01 -7.62784881e-05 -4.49804204e-10
-6.26200687e-05 7.62784884e-05 9.99999995e-01 6.30001501e-01
0.00000000e+00 0.00000000e+00 0.00000000e+00 1.00000000e+00
9.99999999e-01 -1.39150518e-09 5.41330102e-05 -3.73999068e-01
6.24728062e-09 9.99999996e-01 -8.97008205e-05 -4.49804204e-10
-5.41330099e-05 8.97008207e-05 9.99999995e-01 6.29998327e-01
0.00000000e+00 0.00000000e+00 0.00000000e+00 1.00000000e+00
1.00000000e+00 -3.80232455e-09 1.40026147e-05 -3.74012592e-01
5.43821007e-09 9.99999993e-01 -1.16827148e-04 -3.91551125e-10
-1.40026142e-05 1.16827148e-04 9.99999993e-01 6.29986157e-01
0.00000000e+00 0.00000000e+00 0.00000000e+00 1.00000000e+00
9.99999999e-01 -7.44294275e-09 -4.79833923e-05 -3.74023084e-01
1.29865326e-09 9.99999992e-01 -1.28050334e-04 -9.35030347e-11
4.79833929e-05 1.28050334e-04 9.99999991e-01 6.29976926e-01
0.00000000e+00 0.00000000e+00 0.00000000e+00 1.00000000e+00
9.99999997e-01 -9.29441049e-09 -7.36106018e-05 -3.74025274e-01
-1.23053922e-09 9.99999990e-01 -1.42981437e-04 8.85988239e-11
7.36106023e-05 1.42981437e-04 9.99999987e-01 6.29977233e-01
0.00000000e+00 0.00000000e+00 0.00000000e+00 1.00000000e+00
9.99999995e-01 -1.16939886e-08 -9.73926153e-05 -3.74027481e-01
-2.64464780e-09 9.99999989e-01 -1.47225087e-04 1.90414642e-10
9.73926160e-05 1.47225087e-04 9.99999984e-01 6.29974016e-01
0.00000000e+00 0.00000000e+00 0.00000000e+00 1.00000000e+00
9.99999994e-01 -1.25240093e-08 -1.05215172e-04 -3.74028226e-01
-3.36360371e-09 9.99999989e-01 -1.51001158e-04 2.42179467e-10
1.05215173e-04 1.51001158e-04 9.99999983e-01 6.29973929e-01
0.00000000e+00 0.00000000e+00 0.00000000e+00 1.00000000e+00
9.99999994e-01 -1.22356408e-08 -1.05215172e-04 -3.74028226e-01
-3.36360371e-09 9.99999989e-01 -1.48260409e-04 2.42179467e-10
1.05215173e-04 1.48260408e-04 9.99999983e-01 6.29973929e-01
0.00000000e+00 0.00000000e+00 0.00000000e+00 1.00000000e+00
9.99999988e-01 -1.64298969e-08 -1.54575937e-04 -3.74031680e-01
-3.36360371e-09 9.99999992e-01 -1.28050334e-04 2.42179467e-10
1.54575938e-04 1.28050333e-04 9.99999980e-01 6.29955467e-01
0.00000000e+00 0.00000000e+00 0.00000000e+00 1.00000000e+00
9.99999988e-01 -1.64298969e-08 -1.54575937e-04 -3.74031680e-01
-3.36360371e-09 9.99999992e-01 -1.28050334e-04 2.42179467e-10
1.54575938e-04 1.28050333e-04 9.99999980e-01 6.29955467e-01
0.00000000e+00 0.00000000e+00 0.00000000e+00 1.00000000e+00
9.99999988e-01 -1.64298969e-08 -1.54575937e-04 -3.74031680e-01
-3.36360371e-09 9.99999992e-01 -1.28050334e-04 2.42179467e-10
1.54575938e-04 1.28050333e-04 9.99999980e-01 6.29955467e-01
0.00000000e+00 0.00000000e+00 0.00000000e+00 1.00000000e+00
9.99999991e-01 -1.47663129e-08 -1.32730246e-04 -3.74029502e-01
-3.13806037e-09 9.99999991e-01 -1.34892940e-04 2.25940346e-10
1.32730247e-04 1.34892939e-04 9.99999982e-01 6.29962747e-01
0.00000000e+00 0.00000000e+00 0.00000000e+00 1.00000000e+00
9.99999992e-01 -1.34367694e-08 -1.27063397e-04 -3.74027245e-01
-2.83374124e-09 9.99999992e-01 -1.28050334e-04 2.04029370e-10
1.27063398e-04 1.28050334e-04 9.99999984e-01 6.29963666e-01
0.00000000e+00 0.00000000e+00 0.00000000e+00 1.00000000e+00
9.99999994e-01 -9.17114811e-09 -1.13969119e-04 -3.74022865e-01
-2.38655116e-09 9.99999995e-01 -1.01410797e-04 1.71831684e-10
1.13969119e-04 1.01410797e-04 9.99999988e-01 6.29967816e-01
0.00000000e+00 0.00000000e+00 0.00000000e+00 1.00000000e+00
9.99999996e-01 -5.42910939e-09 -8.85294324e-05 -3.74012422e-01
-2.51205358e-09 9.99999996e-01 -8.97008229e-05 1.80867858e-10
8.85294326e-05 8.97008228e-05 9.99999992e-01 6.29977331e-01
0.00000000e+00 0.00000000e+00 0.00000000e+00 1.00000000e+00
9.99999999e-01 1.58999262e-09 -4.74872938e-05 -3.73991940e-01
-2.60472104e-09 1.00000000e+00 -2.13684195e-05 1.87539915e-10
4.74872938e-05 2.13684196e-05 9.99999999e-01 6.29995520e-01
0.00000000e+00 0.00000000e+00 0.00000000e+00 1.00000000e+00
9.99999999e-01 2.46935113e-09 -3.53789436e-05 -3.73986542e-01
-2.18311929e-09 1.00000000e+00 8.09045746e-06 1.57184589e-10
3.53789437e-05 -8.09045738e-06 9.99999999e-01 6.30000048e-01
0.00000000e+00 0.00000000e+00 0.00000000e+00 1.00000000e+00
9.99999999e-01 2.62236777e-09 -3.17310113e-05 -3.73984789e-01
-2.18311929e-09 1.00000000e+00 1.38428768e-05 1.57184589e-10
3.17310113e-05 -1.38428768e-05 9.99999999e-01 6.30001413e-01
0.00000000e+00 0.00000000e+00 0.00000000e+00 1.00000000e+00
1.00000000e+00 2.79663139e-09 -2.61845961e-05 -3.73982904e-01
-2.18311929e-09 1.00000000e+00 2.34302679e-05 1.57184589e-10
2.61845962e-05 -2.34302679e-05 9.99999999e-01 6.30003487e-01
0.00000000e+00 0.00000000e+00 0.00000000e+00 1.00000000e+00
1.00000000e+00 2.90286119e-09 -3.07184666e-05 -3.73983164e-01
-2.18311929e-09 1.00000000e+00 2.34302679e-05 1.57184589e-10
3.07184666e-05 -2.34302679e-05 9.99999999e-01 6.30001791e-01
0.00000000e+00 0.00000000e+00 0.00000000e+00 1.00000000e+00
1.00000000e+00 2.86338394e-09 -2.93461343e-05 -3.73982697e-01
-2.16110526e-09 1.00000000e+00 2.39308754e-05 1.55599579e-10
2.93461343e-05 -2.39308753e-05 9.99999999e-01 6.30002304e-01
0.00000000e+00 0.00000000e+00 0.00000000e+00 1.00000000e+00
1.00000000e+00 2.55972665e-09 -2.72058591e-05 -3.73982975e-01
-2.18311929e-09 1.00000000e+00 1.38428768e-05 1.57184589e-10
2.72058591e-05 -1.38428768e-05 1.00000000e+00 6.30003105e-01
0.00000000e+00 0.00000000e+00 0.00000000e+00 1.00000000e+00
1.00000000e+00 2.89883899e-09 -2.74126036e-05 -3.73982365e-01
-2.32275568e-09 1.00000000e+00 2.10152713e-05 1.67238409e-10
2.74126037e-05 -2.10152713e-05 9.99999999e-01 6.30003877e-01
0.00000000e+00 0.00000000e+00 0.00000000e+00 1.00000000e+00
1.00000000e+00 2.59642825e-09 -2.59981554e-05 -3.73981660e-01
-2.35541478e-09 1.00000000e+00 9.27040659e-06 1.69589864e-10
2.59981554e-05 -9.27040652e-06 1.00000000e+00 6.30004605e-01
0.00000000e+00 0.00000000e+00 0.00000000e+00 1.00000000e+00
1.00000000e+00 3.06730897e-09 -2.23228495e-05 -3.73974175e-01
-6.19976597e-09 9.99999990e-01 -1.40325142e-04 4.46383150e-10
2.23228489e-05 1.40325142e-04 9.99999990e-01 6.30017421e-01
0.00000000e+00 0.00000000e+00 0.00000000e+00 1.00000000e+00
1.00000000e+00 4.28270005e-09 -1.59934613e-05 -3.73972432e-01
-6.88267546e-09 9.99999987e-01 -1.62564901e-04 4.95552633e-10
1.59934604e-05 1.62564901e-04 9.99999987e-01 6.30022626e-01
0.00000000e+00 0.00000000e+00 0.00000000e+00 1.00000000e+00
1.00000000e+00 6.10325193e-09 -6.49315995e-06 -3.73970483e-01
-7.24596507e-09 9.99999985e-01 -1.75987231e-04 5.21709485e-10
6.49315877e-06 1.75987231e-04 9.99999984e-01 6.30026179e-01
0.00000000e+00 0.00000000e+00 0.00000000e+00 1.00000000e+00
1.00000000e+00 4.79717814e-09 -1.79998531e-05 -3.73971200e-01
-7.96492237e-09 9.99999985e-01 -1.75987231e-04 5.73474411e-10
1.79998520e-05 1.75987231e-04 9.99999984e-01 6.30024714e-01
0.00000000e+00 0.00000000e+00 0.00000000e+00 1.00000000e+00
9.99999998e-01 -2.09631128e-09 -6.34557364e-05 -3.73975755e-01
-7.24596507e-09 9.99999989e-01 -1.47225087e-04 5.21709485e-10
6.34557361e-05 1.47225087e-04 9.99999987e-01 6.30004875e-01
0.00000000e+00 0.00000000e+00 0.00000000e+00 1.00000000e+00
1.00000000e+00 4.67019863e-09 -1.85842469e-05 -3.73970142e-01
-7.76261442e-09 9.99999986e-01 -1.66399847e-04 5.58908238e-10
1.85842459e-05 1.66399847e-04 9.99999986e-01 6.30023697e-01
0.00000000e+00 0.00000000e+00 0.00000000e+00 1.00000000e+00
9.99926428e-01 1.41991155e-05 1.21300991e-02 -3.57321768e-01
-1.23099645e-05 9.99999988e-01 -1.55815419e-04 8.86317443e-07
-1.21301012e-02 1.55654634e-04 9.99926416e-01 6.82033920e-01
0.00000000e+00 0.00000000e+00 0.00000000e+00 1.00000000e+00
9.99663563e-01 2.92481371e-05 2.59376038e-02 -3.28803174e-01
-2.55520415e-05 9.99999989e-01 -1.42830926e-04 1.83974698e-06
-2.59376077e-02 1.42120114e-04 9.99663554e-01 7.35452446e-01
0.00000000e+00 0.00000000e+00 0.00000000e+00 1.00000000e+00
9.98289154e-01 6.10274394e-05 5.84701741e-02 -2.24604371e-01
-5.32090677e-05 9.99999989e-01 -1.35272447e-04 3.83105288e-06
-5.84701817e-02 1.31929873e-04 9.98289147e-01 8.33972674e-01
0.00000000e+00 0.00000000e+00 0.00000000e+00 1.00000000e+00
9.95712292e-01 8.21389245e-05 9.25041911e-02 -8.15808136e-02
-7.17901623e-05 9.99999991e-01 -1.15201015e-04 5.16889169e-06
-9.25041997e-02 1.08066176e-04 9.95712288e-01 8.76508464e-01
0.00000000e+00 0.00000000e+00 0.00000000e+00 1.00000000e+00
9.94112889e-01 8.61878277e-05 1.08349237e-01 -1.17879763e-02
-7.57166082e-05 9.99999992e-01 -1.00757248e-04 5.45159579e-06
-1.08349245e-01 9.19602420e-05 9.94112887e-01 8.71989882e-01
0.00000000e+00 0.00000000e+00 0.00000000e+00 1.00000000e+00
9.92541579e-01 8.82602859e-05 1.21906544e-01 4.59551610e-02
-7.70669932e-05 9.99999992e-01 -9.65337032e-05 5.54882351e-06
-1.21906552e-01 8.64187435e-05 9.92541579e-01 8.55691338e-01
0.00000000e+00 0.00000000e+00 0.00000000e+00 1.00000000e+00
9.92501185e-01 9.70564292e-05 1.22234972e-01 4.74772678e-02
-8.59958896e-05 9.99999992e-01 -9.57615145e-05 6.19170405e-06
-1.22234980e-01 8.45317115e-05 9.92501185e-01 8.55087661e-01
0.00000000e+00 0.00000000e+00 0.00000000e+00 1.00000000e+00
9.92498227e-01 6.63631809e-05 1.22259006e-01 4.74828242e-02
-5.91765616e-05 9.99999996e-01 -6.24129740e-05 4.26071244e-06
-1.22259009e-01 5.47098985e-05 9.92498228e-01 8.55088238e-01
0.00000000e+00 0.00000000e+00 0.00000000e+00 1.00000000e+00
9.92491881e-01 8.14801110e-05 1.22310505e-01 4.75094835e-02
-7.25862786e-05 9.99999994e-01 -7.71709534e-05 5.22621206e-06
-1.22310511e-01 6.77134803e-05 9.92491881e-01 8.55086682e-01
0.00000000e+00 0.00000000e+00 0.00000000e+00 1.00000000e+00
9.89654688e-01 6.92253996e-05 1.43469837e-01 9.47871253e-02
-5.99685869e-05 9.99999996e-01 -6.88451761e-05 4.31773826e-06
-1.43469842e-01 5.95292678e-05 9.89654688e-01 8.51796837e-01
0.00000000e+00 0.00000000e+00 0.00000000e+00 1.00000000e+00
9.86214202e-01 5.10760612e-05 1.65473702e-01 1.42927004e-01
-4.00502413e-05 9.99999997e-01 -6.99684854e-05 2.88361737e-06
-1.65473705e-01 6.23766523e-05 9.86214200e-01 8.40582671e-01
0.00000000e+00 0.00000000e+00 0.00000000e+00 1.00000000e+00
9.77103009e-01 2.64728095e-05 2.12766795e-01 2.36064679e-01
-1.16708730e-05 9.99999997e-01 -7.08247936e-05 8.40302853e-07
-2.12766797e-01 6.67199447e-05 9.77103007e-01 7.91347071e-01
0.00000000e+00 0.00000000e+00 0.00000000e+00 1.00000000e+00
9.62580975e-01 -3.91757533e-06 2.70994220e-01 3.17756776e-01
2.63776581e-05 9.99999997e-01 -7.92380607e-05 -1.89919138e-06
-2.70994219e-01 8.34212426e-05 9.62580971e-01 6.91223338e-01
0.00000000e+00 0.00000000e+00 0.00000000e+00 1.00000000e+00
9.51551875e-01 -4.60994831e-05 3.07488254e-01 3.42741875e-01
7.29315924e-05 9.99999994e-01 -7.57710590e-05 -5.25107465e-06
-3.07488249e-01 9.45257013e-05 9.51551873e-01 6.14338874e-01
0.00000000e+00 0.00000000e+00 0.00000000e+00 1.00000000e+00
9.44800143e-01 -5.78444321e-05 3.27647199e-01 3.46596159e-01
9.00823642e-05 9.99999992e-01 -8.32157241e-05 -6.48593022e-06
-3.27647192e-01 1.08137462e-04 9.44800141e-01 5.70064471e-01
0.00000000e+00 0.00000000e+00 0.00000000e+00 1.00000000e+00
9.39641895e-01 -6.19308897e-05 3.42159475e-01 3.44863091e-01
9.57537236e-05 9.99999992e-01 -8.19597970e-05 -6.89426810e-06
-3.42159467e-01 1.09775903e-04 9.39641893e-01 5.38409561e-01
0.00000000e+00 0.00000000e+00 0.00000000e+00 1.00000000e+00
9.39653564e-01 -7.11833748e-05 3.42127425e-01 3.44861292e-01
1.05308389e-04 9.99999991e-01 -8.11686730e-05 -7.58220403e-06
-3.42127416e-01 1.12299321e-04 9.39653563e-01 5.38423746e-01
0.00000000e+00 0.00000000e+00 0.00000000e+00 1.00000000e+00
9.39675554e-01 -6.19385300e-05 3.42067024e-01 3.44870487e-01
9.57547163e-05 9.99999992e-01 -8.19717619e-05 -6.89433957e-06
-3.42067016e-01 1.09781392e-04 9.39675553e-01 5.38412879e-01
0.00000000e+00 0.00000000e+00 0.00000000e+00 1.00000000e+00
9.35115844e-01 -1.88673800e-02 3.53839485e-01 3.43666150e-01
1.94609148e-02 9.99808849e-01 1.88097621e-03 -1.40118587e-03
-3.53807337e-01 5.12710943e-03 9.35304272e-01 5.40129527e-01
0.00000000e+00 0.00000000e+00 0.00000000e+00 1.00000000e+00
9.04480127e-01 -1.12967260e-01 4.11283476e-01 3.37893889e-01
1.13930586e-01 9.93239282e-01 2.22609694e-02 -8.20300219e-03
-4.11017665e-01 2.67231629e-02 9.11235618e-01 5.48718034e-01
0.00000000e+00 0.00000000e+00 0.00000000e+00 1.00000000e+00
8.27657062e-01 -2.68347975e-01 4.92923070e-01 3.30068404e-01
2.56768197e-01 9.62027195e-01 9.25946473e-02 -1.84873102e-02
-4.99052984e-01 4.99303541e-02 8.65131827e-01 5.61847458e-01
0.00000000e+00 0.00000000e+00 0.00000000e+00 1.00000000e+00
7.12957169e-01 -4.32031608e-01 5.52304956e-01 3.23455002e-01
3.79701208e-01 9.00041923e-01 2.13896072e-01 -2.73384870e-02
-5.89507479e-01 5.72121211e-02 8.05734265e-01 5.75017844e-01
0.00000000e+00 0.00000000e+00 0.00000000e+00 1.00000000e+00
6.50573273e-01 -5.06197768e-01 5.66143300e-01 3.20746631e-01
4.22383494e-01 8.60710312e-01 2.84200531e-01 -3.04116116e-02
-6.31147051e-01 5.42363160e-02 7.73764707e-01 5.80910488e-01
0.00000000e+00 0.00000000e+00 0.00000000e+00 1.00000000e+00
6.16660199e-01 -5.43554184e-01 5.69455044e-01 3.19397216e-01
4.39884250e-01 8.37817817e-01 3.23362262e-01 -3.16716660e-02
-6.52864492e-01 5.10896685e-02 7.55749827e-01 5.83918296e-01
0.00000000e+00 0.00000000e+00 0.00000000e+00 1.00000000e+00
6.16705049e-01 -5.43494096e-01 5.69463827e-01 3.19405957e-01
4.39861716e-01 8.37855691e-01 3.23294775e-01 -3.16700436e-02
-6.52837309e-01 5.11078163e-02 7.55772081e-01 5.83907614e-01
0.00000000e+00 0.00000000e+00 0.00000000e+00 1.00000000e+00
6.16736526e-01 -5.43475564e-01 5.69447424e-01 3.19410951e-01
4.39869609e-01 8.37866993e-01 3.23254745e-01 -3.16706118e-02
-6.52802255e-01 5.11196069e-02 7.55801562e-01 5.83902672e-01
0.00000000e+00 0.00000000e+00 0.00000000e+00 1.00000000e+00
6.16733505e-01 -5.43483376e-01 5.69443240e-01 3.19412566e-01
4.39878575e-01 8.37861722e-01 3.23256206e-01 -3.16712574e-02
-6.52799068e-01 5.11229481e-02 7.55804089e-01 5.83901977e-01
0.00000000e+00 0.00000000e+00 0.00000000e+00 1.00000000e+00
6.04211405e-01 -5.76881399e-01 5.49669382e-01 3.20317227e-01
4.70489710e-01 8.15022978e-01 3.38196656e-01 -3.38752591e-02
-6.43092536e-01 5.42715116e-02 7.63862941e-01 5.83200173e-01
0.00000000e+00 0.00000000e+00 0.00000000e+00 1.00000000e+00
5.57097623e-01 -6.73137856e-01 4.86341099e-01 3.23705830e-01
5.61545087e-01 7.36800691e-01 3.76552597e-01 -4.04312462e-02
-6.11808265e-01 6.33258979e-02 7.88467169e-01 5.80952994e-01
0.00000000e+00 0.00000000e+00 0.00000000e+00 1.00000000e+00
4.65410813e-01 -7.94240240e-01 3.90608777e-01 3.30308841e-01
6.82812030e-01 6.02991601e-01 4.12515286e-01 -4.91624661e-02
-5.63170052e-01 7.47232973e-02 8.22955601e-01 5.77448744e-01
0.00000000e+00 0.00000000e+00 0.00000000e+00 1.00000000e+00
2.81703767e-01 -9.26598044e-01 2.49116545e-01 3.43533187e-01
8.28777355e-01 3.65809682e-01 4.23451735e-01 -5.96719696e-02
-4.83498793e-01 8.71742024e-02 8.70993442e-01 5.71716186e-01
0.00000000e+00 0.00000000e+00 0.00000000e+00 1.00000000e+00
1.37874442e-01 -9.76540458e-01 1.65406687e-01 3.53892393e-01
8.93256007e-01 1.94744739e-01 4.05176742e-01 -6.43144325e-02
-4.27883563e-01 9.18869997e-02 8.99150953e-01 5.67711833e-01
0.00000000e+00 0.00000000e+00 0.00000000e+00 1.00000000e+00
3.45547342e-02 -9.92659005e-01 1.15905439e-01 3.61334885e-01
9.20359284e-01 7.68113239e-02 3.83456397e-01 -6.62658685e-02
-3.89544295e-01 9.34244127e-02 9.16257126e-01 5.64950110e-01
0.00000000e+00 0.00000000e+00 0.00000000e+00 1.00000000e+00
-9.54004160e-03 -9.95223711e-01 9.71532483e-02 3.64511129e-01
9.27628517e-01 2.74704546e-02 3.72492563e-01 -6.67892532e-02
-3.73382274e-01 9.36757181e-02 9.22935825e-01 5.63786581e-01
0.00000000e+00 0.00000000e+00 0.00000000e+00 1.00000000e+00
-9.46200946e-03 -9.95221524e-01 9.71832716e-02 3.64504952e-01
9.27617166e-01 2.75567302e-02 3.72514455e-01 -6.67884360e-02
-3.73412457e-01 9.36736063e-02 9.22923828e-01 5.63788940e-01
0.00000000e+00 0.00000000e+00 0.00000000e+00 1.00000000e+00
-9.46565757e-03 -9.95221524e-01 9.71829162e-02 3.64505215e-01
9.27603177e-01 2.75567313e-02 3.72549288e-01 -6.67874288e-02
-3.73447113e-01 9.36736058e-02 9.22909805e-01 5.63791435e-01
0.00000000e+00 0.00000000e+00 0.00000000e+00 1.00000000e+00
-9.46531692e-03 -9.95222184e-01 9.71761954e-02 3.64503061e-01
9.27594400e-01 2.75567321e-02 3.72571141e-01 -6.67867968e-02
-3.73468923e-01 9.36665986e-02 9.22901691e-01 5.63793364e-01
0.00000000e+00 0.00000000e+00 0.00000000e+00 1.00000000e+00
-3.87818162e-03 -9.97459392e-01 7.11317180e-02 3.57241551e-01
9.28992486e-01 2.27309962e-02 3.69399868e-01 -6.68874590e-02
-3.70078262e-01 6.75134313e-02 9.26544125e-01 5.71382108e-01
0.00000000e+00 0.00000000e+00 0.00000000e+00 1.00000000e+00
2.76981880e-02 -9.93614974e-01 -1.09371355e-01 3.03613093e-01
9.39108069e-01 -1.16235138e-02 3.43425288e-01 -6.76157810e-02
-3.42503788e-01 -1.12223780e-01 9.32789890e-01 6.17564086e-01
0.00000000e+00 0.00000000e+00 0.00000000e+00 1.00000000e+00
5.70146555e-02 -9.31432969e-01 -3.59418910e-01 2.18450852e-01
9.50086129e-01 -5.99863178e-02 3.06166605e-01 -6.84062013e-02
-3.06733887e-01 -3.58934904e-01 8.81521444e-01 6.66260175e-01
0.00000000e+00 0.00000000e+00 0.00000000e+00 1.00000000e+00
8.13686683e-02 -6.35765811e-01 -7.67581248e-01 3.68789623e-02
9.60696783e-01 -1.55049729e-01 2.30263487e-01 -6.91701684e-02
-2.65406917e-01 -7.56149069e-01 5.98161979e-01 7.00309101e-01
0.00000000e+00 0.00000000e+00 0.00000000e+00 1.00000000e+00
9.88551549e-02 -2.92233115e-01 -9.51224193e-01 -9.79303496e-02
9.58625806e-01 -2.28471923e-01 1.69815029e-01 -6.90210580e-02
-2.66953595e-01 -9.28655150e-01 2.57556578e-01 6.71171253e-01
0.00000000e+00 0.00000000e+00 0.00000000e+00 1.00000000e+00
1.14015375e-01 -1.20717331e-01 -9.86117549e-01 -1.52350274e-01
9.54631803e-01 -2.61539116e-01 1.42391754e-01 -6.87334898e-02
-2.75097464e-01 -9.57614023e-01 8.54211230e-02 6.43665303e-01
0.00000000e+00 0.00000000e+00 0.00000000e+00 1.00000000e+00
1.27828392e-01 -5.45110856e-03 -9.91781320e-01 -1.85293722e-01
9.50926857e-01 -2.83429355e-01 1.24120563e-01 -6.84667337e-02
-2.81776535e-01 -9.58977625e-01 -3.10467133e-02 6.21050451e-01
0.00000000e+00 0.00000000e+00 0.00000000e+00 1.00000000e+00
1.27824029e-01 -5.51701540e-03 -9.91781518e-01 -1.85280084e-01
9.50935625e-01 -2.83393122e-01 1.24136117e-01 -6.84673650e-02
-2.81748922e-01 -9.58987957e-01 -3.09781241e-02 6.21064761e-01
0.00000000e+00 0.00000000e+00 0.00000000e+00 1.00000000e+00
1.27883903e-01 -5.53599142e-03 -9.91773694e-01 -1.85284651e-01
9.50930689e-01 -2.83382031e-01 1.24199230e-01 -6.84670096e-02
-2.81738410e-01 -9.58991125e-01 -3.09756561e-02 6.21070845e-01
0.00000000e+00 0.00000000e+00 0.00000000e+00 1.00000000e+00
1.27875413e-01 -5.54356688e-03 -9.91774746e-01 -1.85283837e-01
9.50932264e-01 -2.83379341e-01 1.24193310e-01 -6.84671230e-02
-2.81736948e-01 -9.58991876e-01 -3.09656936e-02 6.21071760e-01
0.00000000e+00 0.00000000e+00 0.00000000e+00 1.00000000e+00
1.12620157e-01 2.78215973e-02 -9.93248538e-01 -1.96201960e-01
9.86311874e-01 -1.24292833e-01 1.08352108e-01 -7.10144549e-02
-1.20439146e-01 -9.91855458e-01 -4.14386502e-02 6.04097290e-01
0.00000000e+00 0.00000000e+00 0.00000000e+00 1.00000000e+00
8.16230121e-02 6.65522144e-02 -9.94438780e-01 -2.07525157e-01
9.94409042e-01 6.16312884e-02 8.57452080e-02 -7.15974511e-02
6.69950767e-02 -9.95877697e-01 -6.11495924e-02 5.83896271e-01
0.00000000e+00 0.00000000e+00 0.00000000e+00 1.00000000e+00
1.13949690e-01 3.80595565e-02 -9.92757240e-01 -3.20896871e-01
-9.72097473e-01 -2.01962851e-01 -1.19321036e-01 6.99910181e-02
-2.05041388e-01 9.78653400e-01 1.39839944e-02 6.56073599e-01
0.00000000e+00 0.00000000e+00 0.00000000e+00 1.00000000e+00
1.41289193e-01 3.75591024e-02 -9.89255618e-01 -3.22718809e-01
-9.74611432e-01 -1.70051372e-01 -1.45654001e-01 7.01720231e-02
-1.73694909e-01 9.84719170e-01 1.25791095e-02 6.53604237e-01
0.00000000e+00 0.00000000e+00 0.00000000e+00 1.00000000e+00
2.79159088e-01 3.37901876e-02 -9.59650158e-01 -3.31891876e-01
-9.60139315e-01 -4.99520374e-03 -2.79477268e-01 6.91300307e-02
-1.42372374e-02 9.99416465e-01 3.10488311e-02 6.40885014e-01
0.00000000e+00 0.00000000e+00 0.00000000e+00 1.00000000e+00
4.81195577e-01 2.61804725e-02 -8.76222232e-01 -3.45252719e-01
-8.51064453e-01 2.53512626e-01 -4.59805008e-01 6.12766406e-02
2.10095487e-01 9.66977730e-01 1.44270424e-01 6.22790300e-01
0.00000000e+00 0.00000000e+00 0.00000000e+00 1.00000000e+00
7.78292032e-01 1.10797005e-02 -6.27804710e-01 -3.64428247e-01
-4.72491948e-01 6.68832480e-01 -5.73946402e-01 3.40194202e-02
4.13537027e-01 7.43330582e-01 5.25782059e-01 6.04595564e-01
0.00000000e+00 0.00000000e+00 0.00000000e+00 1.00000000e+00
9.49766493e-01 1.24829690e-03 -3.12956946e-01 -3.74636033e-01
-1.18896157e-01 9.26455658e-01 -3.57132493e-01 8.56052329e-03
2.89494926e-01 3.76401854e-01 8.80064959e-01 6.10101815e-01
0.00000000e+00 0.00000000e+00 0.00000000e+00 1.00000000e+00
9.89521037e-01 -3.83681260e-04 -1.44388265e-01 -3.76442848e-01
-2.34510287e-02 9.86291850e-01 -1.63335351e-01 1.68847406e-03
1.42471638e-01 1.65009819e-01 9.75947536e-01 6.19006107e-01
0.00000000e+00 0.00000000e+00 0.00000000e+00 1.00000000e+00
9.99870451e-01 -1.29245596e-05 -1.60959721e-02 -3.76402614e-01
-2.00768246e-05 9.99997898e-01 -2.05012509e-03 1.44553137e-06
1.60959648e-02 2.05018265e-03 9.99868350e-01 6.26839851e-01
0.00000000e+00 0.00000000e+00 0.00000000e+00 1.00000000e+00
9.99897504e-01 9.68357346e-07 -1.43171447e-02 -3.76388896e-01
1.63235526e-07 9.99999997e-01 7.90364395e-05 -1.17529579e-08
1.43171447e-02 -7.90306757e-05 9.99897501e-01 6.26951019e-01
0.00000000e+00 0.00000000e+00 0.00000000e+00 1.00000000e+00
9.99896652e-01 7.55052868e-07 -1.43765468e-02 -3.76390071e-01
-8.74105691e-08 9.99999999e-01 4.64403127e-05 6.29356097e-09
1.43765469e-02 -4.64342566e-05 9.99896651e-01 6.26951599e-01
0.00000000e+00 0.00000000e+00 0.00000000e+00 1.00000000e+00
9.99896210e-01 7.56964592e-07 -1.44072770e-02 -3.76389212e-01
-8.78952099e-08 9.99999999e-01 4.64403165e-05 6.32845511e-09
1.44072770e-02 -4.64342301e-05 9.99896209e-01 6.26953069e-01
0.00000000e+00 0.00000000e+00 0.00000000e+00 1.00000000e+00
9.99896206e-01 7.57020473e-07 -1.44075656e-02 -3.76388975e-01
-8.79376872e-08 9.99999999e-01 4.64403168e-05 6.33151348e-09
1.44075656e-02 -4.64342296e-05 9.99896205e-01 6.26954098e-01
0.00000000e+00 0.00000000e+00 0.00000000e+00 1.00000000e+00
9.99995723e-01 -9.52425417e-08 2.92476782e-03 -3.64624462e-01
-6.13973475e-08 9.99999999e-01 5.35562603e-05 4.42060902e-09
-2.92476782e-03 -5.35562108e-05 9.99995721e-01 6.33303693e-01
0.00000000e+00 0.00000000e+00 0.00000000e+00 1.00000000e+00
9.96769954e-01 -3.16701418e-06 8.03097715e-02 -3.10657604e-01
-1.30057130e-07 9.99999999e-01 4.10491918e-05 9.36411338e-09
-8.03097716e-02 -4.09270459e-05 9.96769953e-01 6.56286515e-01
0.00000000e+00 0.00000000e+00 0.00000000e+00 1.00000000e+00
9.87573732e-01 -9.62455994e-07 1.57156367e-01 -2.56336315e-01
-3.13093205e-07 1.00000000e+00 8.09167737e-06 2.25427107e-08
-1.57156367e-01 -8.04033261e-06 9.87573732e-01 6.70507462e-01
0.00000000e+00 0.00000000e+00 0.00000000e+00 1.00000000e+00
9.86149235e-01 6.37630808e-07 1.65860440e-01 -2.50070926e-01
-3.95083494e-07 1.00000000e+00 -1.49535068e-06 2.84460116e-08
-1.65860440e-01 1.40911021e-06 9.86149235e-01 6.71580932e-01
0.00000000e+00 0.00000000e+00 0.00000000e+00 1.00000000e+00
9.86140709e-01 6.37243628e-07 1.65911124e-01 -2.50064054e-01
-3.94616808e-07 1.00000000e+00 -1.49535439e-06 2.84124102e-08
-1.65911124e-01 1.40915852e-06 9.86140709e-01 6.71596065e-01
0.00000000e+00 0.00000000e+00 0.00000000e+00 1.00000000e+00
9.86138804e-01 6.36821523e-07 1.65922449e-01 -2.50062082e-01
-3.94171766e-07 1.00000000e+00 -1.49535793e-06 2.83803671e-08
-1.65922449e-01 1.40922853e-06 9.86138804e-01 6.71596945e-01
0.00000000e+00 0.00000000e+00 0.00000000e+00 1.00000000e+00
