-2.66715479e-03 -7.42200044e-06 -9.99996443e-01 3.01329986e-01
-3.37366758e-05 9.99999999e-01 -7.33204558e-06 -1.08050323e-06
9.99996443e-01 3.37170001e-05 -2.66715504e-03 7.04002999e-01
0.00000000e+00 0.00000000e+00 0.00000000e+00 1.00000000e+00
-4.98899849e-02 9.97338785e-01 5.31633108e-02 -6.27334084e-02
9.36936208e-01 6.51718721e-02 -3.43370308e-01 -1.27844378e-02
-3.45921279e-01 3.26798914e-02 -9.37694243e-01 3.74802363e-01
0.00000000e+00 0.00000000e+00 0.00000000e+00 1.00000000e+00
9.20472416e-01 -5.79438143e-05 3.90807534e-01 6.31692069e-01
3.85139566e-05 9.99999998e-01 5.75546210e-05 -1.61752697e-05
-3.90807536e-01 -3.79258966e-05 9.20472416e-01 6.58106168e-01
0.00000000e+00 0.00000000e+00 0.00000000e+00 1.00000000e+00
-2.66715479e-03 -7.42200044e-06 -9.99996443e-01 3.01329986e-01
-3.37366758e-05 9.99999999e-01 -7.33204558e-06 -1.08050323e-06
9.99996443e-01 3.37170001e-05 -2.66715504e-03 7.04002999e-01
0.00000000e+00 0.00000000e+00 0.00000000e+00 1.00000000e+00
-4.99824268e-02 9.97368735e-01 5.25105988e-02 -6.27346994e-02
9.36916374e-01 6.50352611e-02 -3.43450322e-01 -1.27803861e-02
-3.45961654e-01 3.20315593e-02 -9.37701719e-01 3.74813851e-01
0.00000000e+00 0.00000000e+00 0.00000000e+00 1.00000000e+00
9.20472416e-01 -5.46717630e-05 3.90807534e-01 6.31692069e-01
3.85139566e-05 9.99999998e-01 4.91820822e-05 -1.61752697e-05
-3.90807536e-01 -3.02192056e-05 9.20472416e-01 6.58106168e-01
0.00000000e+00 0.00000000e+00 0.00000000e+00 1.00000000e+00
-2.66715479e-03 -7.42200044e-06 -9.99996443e-01 3.01329986e-01
-3.37366758e-05 9.99999999e-01 -7.33204558e-06 -1.08050323e-06
9.99996443e-01 3.37170001e-05 -2.66715504e-03 7.04002999e-01
0.00000000e+00 0.00000000e+00 0.00000000e+00 1.00000000e+00
-4.99638669e-02 9.97371202e-01 5.24813989e-02 -6.27335919e-02
9.37076839e-01 6.49930196e-02 -3.43020270e-01 -1.27733398e-02
-3.45529464e-01 3.20404843e-02 -9.37860756e-01 3.74847666e-01
0.00000000e+00 0.00000000e+00 0.00000000e+00 1.00000000e+00
9.20472416e-01 -5.44679702e-05 3.90807534e-01 6.31692069e-01
3.85139566e-05 9.99999998e-01 4.86606162e-05 -1.61752697e-05
-3.90807536e-01 -2.97392106e-05 9.20472416e-01 6.58106168e-01
0.00000000e+00 0.00000000e+00 0.00000000e+00 1.00000000e+00
-2.67306624e-03 7.53381375e-06 -9.99996427e-01 3.01329134e-01
-4.14023128e-05 9.99999999e-01 7.64451218e-06 -2.11024951e-06
9.99996426e-01 4.14225992e-05 -2.67306593e-03 7.04004781e-01
0.00000000e+00 0.00000000e+00 0.00000000e+00 1.00000000e+00
-4.98717424e-02 9.97352806e-01 5.29168202e-02 -6.27404800e-02
9.36909518e-01 6.50724850e-02 -3.43461972e-01 -1.27768980e-02
-3.45996190e-01 3.24492255e-02 -9.37674615e-01 3.74795884e-01
0.00000000e+00 0.00000000e+00 0.00000000e+00 1.00000000e+00
9.20102840e-01 -5.84423158e-05 3.91676857e-01 6.34860011e-01
4.21987002e-05 9.99999998e-01 5.00799867e-05 -1.81957891e-05
-3.91676859e-01 -2.95504837e-05 9.20102841e-01 6.61722680e-01
0.00000000e+00 0.00000000e+00 0.00000000e+00 1.00000000e+00
-2.66668341e-03 7.53407814e-06 -9.99996444e-01 3.01329412e-01
-4.14022944e-05 9.99999999e-01 7.64451213e-06 -2.11024871e-06
9.99996444e-01 4.14225327e-05 -2.66668309e-03 7.04002857e-01
0.00000000e+00 0.00000000e+00 0.00000000e+00 1.00000000e+00
-5.02265435e-02 9.97902788e-01 4.08328322e-02 -6.46655644e-02
9.31824294e-01 6.15354202e-02 -3.57654689e-01 -6.37459654e-02
-3.59417277e-01 2.00852662e-02 -9.32960773e-01 4.29026144e-01
0.00000000e+00 0.00000000e+00 0.00000000e+00 1.00000000e+00
9.17791704e-01 -2.41083438e-04 3.97062123e-01 6.89174301e-01
-1.67919237e-04 9.99999491e-01 9.95305709e-04 2.70700349e-06
-3.97062161e-01 -9.80157691e-04 9.17791196e-01 7.14222541e-01
0.00000000e+00 0.00000000e+00 0.00000000e+00 1.00000000e+00
-2.64467414e-03 3.49406098e-06 -9.99996503e-01 3.01331725e-01
-4.13875624e-05 9.99999999e-01 3.60353019e-06 -3.78155371e-06
9.99996502e-01 4.13969478e-05 -2.64467399e-03 7.03996225e-01
0.00000000e+00 0.00000000e+00 0.00000000e+00 1.00000000e+00
-4.98833283e-02 9.98042033e-01 3.77326771e-02 -6.77018295e-02
9.28730330e-01 6.02497872e-02 -3.65827743e-01 -1.18949730e-01
-3.67384850e-01 1.67947763e-02 -9.29917366e-01 5.07158768e-01
0.00000000e+00 0.00000000e+00 0.00000000e+00 1.00000000e+00
9.14161650e-01 -1.11518795e-03 4.05348288e-01 7.80150285e-01
1.25191835e-04 9.99996945e-01 2.46883729e-03 -1.26754758e-05
-4.05349802e-01 -2.20617007e-03 9.14158996e-01 7.72037088e-01
0.00000000e+00 0.00000000e+00 0.00000000e+00 1.00000000e+00
-2.63246319e-03 -6.37796977e-06 -9.99996535e-01 3.01327596e-01
-4.13479642e-05 9.99999999e-01 -6.26914449e-06 -8.31789840e-06
9.99996534e-01 4.13313177e-05 -2.63246345e-03 7.03992545e-01
0.00000000e+00 0.00000000e+00 0.00000000e+00 1.00000000e+00
-4.74480377e-02 9.98001118e-01 4.17426817e-02 -7.59661016e-02
9.26655505e-01 5.95802940e-02 -3.71160025e-01 -1.81919053e-01
-3.72905161e-01 2.10702709e-02 -9.27630198e-01 7.14402296e-01
0.00000000e+00 0.00000000e+00 0.00000000e+00 1.00000000e+00
9.06760210e-01 -4.31858352e-03 4.21624561e-01 9.96647726e-01
2.68772115e-03 9.99986432e-01 4.46227877e-03 -1.94618376e-04
-4.21638111e-01 -2.91300759e-03 9.06759515e-01 8.18887723e-01
0.00000000e+00 0.00000000e+00 0.00000000e+00 1.00000000e+00
-2.59679381e-03 1.02623689e-05 -9.99996628e-01 3.01326903e-01
-4.13053858e-05 9.99999999e-01 1.03696654e-05 -1.33317395e-05
9.99996627e-01 4.13321745e-05 -2.59679338e-03 7.03984599e-01
0.00000000e+00 0.00000000e+00 0.00000000e+00 1.00000000e+00
-4.64956254e-02 9.97786690e-01 4.75381802e-02 -8.59114492e-02
9.20296931e-01 6.12936845e-02 -3.86389237e-01 -1.39366915e-01
-3.88447828e-01 2.57838322e-02 -9.21109917e-01 9.58206924e-01
0.00000000e+00 0.00000000e+00 0.00000000e+00 1.00000000e+00
8.98976450e-01 -7.95756552e-03 4.37924672e-01 1.22306701e+00
6.94131802e-03 9.99968220e-01 3.92129356e-03 -5.12544088e-04
-4.37941959e-01 -4.85376150e-04 8.99003117e-01 7.59055094e-01
0.00000000e+00 0.00000000e+00 0.00000000e+00 1.00000000e+00
-2.58965272e-03 1.82228419e-05 -9.99996647e-01 3.01324859e-01
-5.08643479e-05 9.99999999e-01 1.83546244e-05 -1.73483232e-05
9.99996646e-01 5.09117094e-05 -2.58965179e-03 7.03982447e-01
0.00000000e+00 0.00000000e+00 0.00000000e+00 1.00000000e+00
-4.81897943e-02 9.97618146e-01 4.93536103e-02 -9.09918672e-02
9.14400742e-01 6.39451012e-02 -3.99727790e-01 -6.30660192e-02
-4.01931619e-01 2.58661779e-02 -9.15304274e-01 1.08064277e+00
0.00000000e+00 0.00000000e+00 0.00000000e+00 1.00000000e+00
8.94824482e-01 -9.18256653e-03 4.46323679e-01 1.32539941e+00
9.11730555e-03 9.99955806e-01 2.29378931e-03 -6.79611017e-04
-4.46325017e-01 2.01673052e-03 8.94868656e-01 6.86329492e-01
0.00000000e+00 0.00000000e+00 0.00000000e+00 1.00000000e+00
-2.58163613e-03 1.17820248e-05 -9.99996668e-01 3.01325787e-01
-5.85241844e-05 9.99999998e-01 1.19331527e-05 -1.91105437e-05
9.99996666e-01 5.85547965e-05 -2.58163544e-03 7.03980031e-01
0.00000000e+00 0.00000000e+00 0.00000000e+00 1.00000000e+00
-4.82061789e-02 9.97237289e-01 5.65150809e-02 -9.36124505e-02
9.15661228e-01 6.67259689e-02 -3.96373763e-01 -3.33163395e-03
-3.99049720e-01 3.26410039e-02 -9.16348125e-01 1.14026546e+00
0.00000000e+00 0.00000000e+00 0.00000000e+00 1.00000000e+00
8.92006018e-01 -9.54723290e-03 4.51922686e-01 1.38465971e+00
1.03787167e-02 9.99945935e-01 6.39133630e-04 -7.78938404e-04
-4.51904355e-01 4.12026648e-03 8.92056880e-01 6.22118477e-01
0.00000000e+00 0.00000000e+00 0.00000000e+00 1.00000000e+00
-2.55591108e-03 1.49022620e-07 -9.99996734e-01 3.01329289e-01
-2.02066214e-05 1.00000000e+00 2.00669603e-07 -1.27682211e-05
9.99996733e-01 2.02070683e-05 -2.55591107e-03 7.03972279e-01
0.00000000e+00 0.00000000e+00 0.00000000e+00 1.00000000e+00
-4.94123240e-02 9.97439311e-01 5.17034151e-02 -9.42811431e-02
9.11231766e-01 6.62149810e-02 -4.06536893e-01 1.54158377e-02
-4.08919419e-01 2.70258616e-02 -9.12170221e-01 1.15600430e+00
0.00000000e+00 0.00000000e+00 0.00000000e+00 1.00000000e+00
8.91663834e-01 -9.50245958e-03 4.52598398e-01 1.39053314e+00
1.04235088e-02 9.99945568e-01 4.58853921e-04 -7.79676458e-04
-4.52578123e-01 4.30851993e-03 8.91714348e-01 6.14432766e-01
0.00000000e+00 0.00000000e+00 0.00000000e+00 1.00000000e+00
-2.56429667e-03 4.31167507e-06 -9.99996712e-01 3.01328685e-01
-3.92150481e-05 9.99999999e-01 4.41224859e-06 -1.54294077e-05
9.99996711e-01 3.92262335e-05 -2.56429650e-03 7.03972278e-01
0.00000000e+00 0.00000000e+00 0.00000000e+00 1.00000000e+00
-4.91391671e-02 9.97290119e-01 5.47518130e-02 -9.42912944e-02
9.11249462e-01 6.72077027e-02 -4.06334275e-01 1.53778162e-02
-4.08912901e-01 2.99256322e-02 -9.12082614e-01 1.15607511e+00
0.00000000e+00 0.00000000e+00 0.00000000e+00 1.00000000e+00
8.91674046e-01 -9.55419942e-03 4.52577189e-01 1.39052593e+00
1.04761978e-02 9.99945013e-01 4.69136348e-04 -7.57833031e-04
-4.52556785e-01 4.32297143e-03 8.91725108e-01 6.14439145e-01
0.00000000e+00 0.00000000e+00 0.00000000e+00 1.00000000e+00
-2.56151456e-03 4.81535932e-06 -9.99996719e-01 3.01328885e-01
-3.36164562e-05 9.99999999e-01 4.90148444e-06 -1.51671449e-05
9.99996719e-01 3.36289011e-05 -2.56151439e-03 7.03972278e-01
0.00000000e+00 0.00000000e+00 0.00000000e+00 1.00000000e+00
-2.40912554e-02 9.98888373e-01 4.05170404e-02 -1.40657543e-01
9.59022206e-01 3.45365668e-02 -2.81218124e-01 -1.08102448e-03
-2.82304834e-01 3.20818439e-02 -9.58788160e-01 1.10995917e+00
0.00000000e+00 0.00000000e+00 0.00000000e+00 1.00000000e+00
9.42866735e-01 -1.63261176e-02 3.32769858e-01 1.34950911e+00
4.35585173e-03 9.99317350e-01 3.66859694e-02 5.14821209e-02
-3.33141632e-01 -3.31404840e-02 9.42294201e-01 6.36708828e-01
0.00000000e+00 0.00000000e+00 0.00000000e+00 1.00000000e+00
-2.56261394e-03 -1.02989569e-06 -9.99996716e-01 3.01330225e-01
-3.36245316e-05 9.99999999e-01 -9.43732098e-07 -1.42121721e-05
9.99996716e-01 3.36220028e-05 -2.56261397e-03 7.03972610e-01
0.00000000e+00 0.00000000e+00 0.00000000e+00 1.00000000e+00
-2.52697190e-02 9.99647947e-01 -8.08843926e-03 -1.86489736e-01
9.89353777e-01 2.38478858e-02 -1.43563162e-01 -1.78426224e-02
-1.43319728e-01 -1.16301287e-02 -9.89608102e-01 1.04055970e+00
0.00000000e+00 0.00000000e+00 0.00000000e+00 1.00000000e+00
9.86182672e-01 -1.48596506e-02 1.64993722e-01 1.28470116e+00
8.69540655e-03 9.99239140e-01 3.80201448e-02 1.04673889e-01
-1.65433151e-01 -3.60601205e-02 9.85561536e-01 6.58975791e-01
0.00000000e+00 0.00000000e+00 0.00000000e+00 1.00000000e+00
-2.56774070e-03 -1.04995118e-05 -9.99996703e-01 3.01332459e-01
-2.97812734e-05 1.00000000e+00 -1.04230756e-05 -1.48911817e-05
9.99996703e-01 2.97544114e-05 -2.56774101e-03 7.03974155e-01
0.00000000e+00 0.00000000e+00 0.00000000e+00 1.00000000e+00
-1.66604883e-01 9.83683424e-01 6.78950303e-02 -2.27314004e-01
9.83198297e-01 1.60524184e-01 8.69085481e-02 -4.36145230e-02
7.45917038e-02 8.12336666e-02 -9.93899979e-01 8.67808565e-01
0.00000000e+00 0.00000000e+00 0.00000000e+00 1.00000000e+00
9.88262828e-01 -2.75615094e-02 -1.50256271e-01 1.13136330e+00
6.90944322e-03 9.90647661e-01 -1.36269846e-01 1.51320847e-01
1.52606826e-01 1.33632236e-01 9.79210693e-01 6.81543835e-01
0.00000000e+00 0.00000000e+00 0.00000000e+00 1.00000000e+00
-2.57623143e-03 -3.39365542e-06 -9.99996682e-01 3.01338409e-01
-3.35974631e-05 9.99999999e-01 -3.30711155e-06 -1.73164242e-05
9.99996681e-01 3.35888318e-05 -2.57623154e-03 7.03975599e-01
0.00000000e+00 0.00000000e+00 0.00000000e+00 1.00000000e+00
-5.95449987e-01 8.03355046e-01 -7.74490583e-03 -1.34421319e-01
7.66642945e-01 5.71068332e-01 2.93495409e-01 -5.01909884e-02
2.40203888e-01 1.68824260e-01 -9.55929109e-01 6.84769642e-01
0.00000000e+00 0.00000000e+00 0.00000000e+00 1.00000000e+00
9.57830789e-01 -1.13515021e-01 -2.63959315e-01 9.72933875e-01
-6.64639612e-02 8.06208674e-01 -5.87886142e-01 9.03486650e-02
2.79540197e-01 5.80639229e-01 7.64666832e-01 6.69349707e-01
0.00000000e+00 0.00000000e+00 0.00000000e+00 1.00000000e+00
-2.58919646e-03 -8.90082528e-07 -9.99996648e-01 3.01340125e-01
-3.35804111e-05 9.99999999e-01 -8.03138938e-07 -1.92266317e-05
9.99996647e-01 3.35782190e-05 -2.58919649e-03 7.03977781e-01
0.00000000e+00 0.00000000e+00 0.00000000e+00 1.00000000e+00
-9.00561256e-01 4.34583729e-01 1.12430802e-02 2.30578590e-02
4.32111766e-01 8.92006161e-01 1.32681686e-01 -2.59759602e-02
4.76324051e-02 1.24346253e-01 -9.91094932e-01 6.41650588e-01
0.00000000e+00 0.00000000e+00 0.00000000e+00 1.00000000e+00
9.96736014e-01 -6.30349406e-02 -5.04372288e-02 9.27319540e-01
-1.58167601e-02 4.60177813e-01 -8.87685874e-01 -1.07898054e-02
7.91653200e-02 8.85586233e-01 4.57678791e-01 6.33816241e-01
0.00000000e+00 0.00000000e+00 0.00000000e+00 1.00000000e+00
-2.60490922e-03 -1.56755941e-06 -9.99996607e-01 3.01341527e-01
-3.35609605e-05 9.99999999e-01 -1.48014118e-06 -2.13756111e-05
9.99996607e-01 3.35569910e-05 -2.60490927e-03 7.03979712e-01
0.00000000e+00 0.00000000e+00 0.00000000e+00 1.00000000e+00
-9.67050075e-01 2.27284911e-01 1.14698391e-01 1.07518806e-01
2.19546730e-01 9.72615979e-01 -7.62718172e-02 3.87866696e-03
-1.28892921e-01 -4.85770099e-02 -9.90468015e-01 6.76283176e-01
0.00000000e+00 0.00000000e+00 0.00000000e+00 1.00000000e+00
9.89232286e-01 6.51837933e-02 1.31036474e-01 9.35552409e-01
1.08219957e-01 2.76973863e-01 -9.54763803e-01 -6.32572647e-02
-9.85288047e-02 9.58663941e-01 2.66937300e-01 6.07177486e-01
0.00000000e+00 0.00000000e+00 0.00000000e+00 1.00000000e+00
-2.60448061e-03 -9.14924187e-06 -9.99996608e-01 3.01342872e-01
-4.12308345e-05 9.99999999e-01 -9.04188762e-06 -2.19279246e-05
9.99996607e-01 4.12071452e-05 -2.60448099e-03 7.03979583e-01
0.00000000e+00 0.00000000e+00 0.00000000e+00 1.00000000e+00
-9.60758303e-01 1.38171925e-01 2.40524433e-01 1.47061231e-01
8.55926470e-02 9.72467480e-01 -2.16750777e-01 2.81626963e-02
-2.63851061e-01 -1.87657986e-01 -9.46132706e-01 7.10419193e-01
0.00000000e+00 0.00000000e+00 0.00000000e+00 1.00000000e+00
9.47331588e-01 1.86878463e-01 2.60075570e-01 9.51724566e-01
2.25864723e-01 1.85855511e-01 -9.56265055e-01 -9.31495193e-02
-2.27041822e-01 9.64641990e-01 1.33857544e-01 5.86398808e-01
0.00000000e+00 0.00000000e+00 0.00000000e+00 1.00000000e+00
-2.60764200e-03 -7.56467585e-06 -9.99996600e-01 3.01342845e-01
-4.12265034e-05 9.99999999e-01 -7.45719724e-06 -2.24054598e-05
9.99996599e-01 4.12069175e-05 -2.60764231e-03 7.03980536e-01
0.00000000e+00 0.00000000e+00 0.00000000e+00 1.00000000e+00
-9.54386890e-01 1.20699625e-01 2.73088382e-01 1.55643663e-01
5.15481730e-02 9.67521962e-01 -2.47475330e-01 3.52650381e-02
-2.94089187e-01 -2.22110003e-01 -9.29612122e-01 7.20660949e-01
0.00000000e+00 0.00000000e+00 0.00000000e+00 1.00000000e+00
9.39613258e-01 2.03088048e-01 2.75467186e-01 9.54175583e-01
2.41390655e-01 1.77300802e-01 -9.54093799e-01 -9.63682161e-02
-2.42605600e-01 9.62974387e-01 1.17570627e-01 5.83708564e-01
0.00000000e+00 0.00000000e+00 0.00000000e+00 1.00000000e+00
-2.61185829e-03 -7.62742133e-06 -9.99996589e-01 3.01342725e-01
-5.08135384e-05 9.99999999e-01 -7.49472912e-06 -2.30957381e-05
9.99996588e-01 5.07937899e-05 -2.61185867e-03 7.03979446e-01
0.00000000e+00 0.00000000e+00 0.00000000e+00 1.00000000e+00
-9.54841039e-01 1.21017165e-01 2.71354816e-01 1.55694695e-01
5.19254476e-02 9.67204856e-01 -2.48633291e-01 3.53268399e-02
-2.92544592e-01 -2.23315050e-01 -9.29810760e-01 7.20825697e-01
0.00000000e+00 0.00000000e+00 0.00000000e+00 1.00000000e+00
9.39604076e-01 2.03025839e-01 2.75544351e-01 9.54173479e-01
2.41464614e-01 1.77348866e-01 -9.54066151e-01 -9.63654092e-02
-2.42567559e-01 9.62978654e-01 1.17614161e-01 5.83722830e-01
0.00000000e+00 0.00000000e+00 0.00000000e+00 1.00000000e+00
-2.60764261e-03 -7.62760619e-06 -9.99996600e-01 3.01342845e-01
-5.08138085e-05 9.99999999e-01 -7.49512741e-06 -2.30957458e-05
9.99996599e-01 5.07940912e-05 -2.60764300e-03 7.03980536e-01
0.00000000e+00 0.00000000e+00 0.00000000e+00 1.00000000e+00
-9.54465505e-01 1.20851255e-01 2.72746354e-01 1.55625516e-01
5.12856937e-02 9.67130774e-01 -2.49053896e-01 3.52947942e-02
-2.93879869e-01 -2.23725367e-01 -9.29290903e-01 7.20546250e-01
0.00000000e+00 0.00000000e+00 0.00000000e+00 1.00000000e+00
9.39603564e-01 2.03028286e-01 2.75544291e-01 9.54173609e-01
2.41463683e-01 1.77351118e-01 -9.54065968e-01 -9.63656805e-02
-2.42570467e-01 9.62977723e-01 1.17615785e-01 5.83724175e-01
0.00000000e+00 0.00000000e+00 0.00000000e+00 1.00000000e+00
-2.60499310e-03 -4.41611392e-06 -9.99996607e-01 3.01343226e-01
-5.08139793e-05 9.99999999e-01 -4.28375838e-06 -2.30957704e-05
9.99996606e-01 5.08026477e-05 -2.60499332e-03 7.03979737e-01
0.00000000e+00 0.00000000e+00 0.00000000e+00 1.00000000e+00
-9.75971718e-01 1.16396741e-01 1.84203706e-01 1.45660349e-01
8.53756103e-02 9.82048734e-01 -1.68200149e-01 3.29881376e-02
-2.00474965e-01 -1.48432084e-01 -9.68389232e-01 6.97106950e-01
0.00000000e+00 0.00000000e+00 0.00000000e+00 1.00000000e+00
9.79206025e-01 1.17992262e-01 1.65025411e-01 9.40681139e-01
1.42306194e-01 1.80246405e-01 -9.73272922e-01 -8.41278123e-02
-1.44583911e-01 9.76518847e-01 1.59707336e-01 5.85754035e-01
0.00000000e+00 0.00000000e+00 0.00000000e+00 1.00000000e+00
-2.60728635e-03 -1.87502064e-06 -9.99996601e-01 3.01343107e-01
-5.08138321e-05 9.99999999e-01 -1.74254035e-06 -2.30957627e-05
9.99996600e-01 5.08091161e-05 -2.60728644e-03 7.03979544e-01
0.00000000e+00 0.00000000e+00 0.00000000e+00 1.00000000e+00
-9.88571648e-01 1.41477321e-01 5.20602097e-02 1.24077195e-01
1.39713942e-01 9.89533661e-01 -3.60991575e-02 3.05953926e-02
-5.66225420e-02 -2.84130665e-02 -9.97991275e-01 6.64437398e-01
0.00000000e+00 0.00000000e+00 0.00000000e+00 1.00000000e+00
9.99562686e-01 1.63901989e-02 2.46129669e-02 9.27998110e-01
2.05281969e-02 2.14493015e-01 -9.76509775e-01 -6.64294911e-02
-2.12844989e-02 9.76587993e-01 2.14062753e-01 5.87986508e-01
0.00000000e+00 0.00000000e+00 0.00000000e+00 1.00000000e+00
-2.59893433e-03 -6.25081766e-06 -9.99996623e-01 3.01345168e-01
-4.12236510e-05 9.99999999e-01 -6.14370084e-06 -2.28014263e-05
9.99996622e-01 4.12075447e-05 -2.59893459e-03 7.03977912e-01
0.00000000e+00 0.00000000e+00 0.00000000e+00 1.00000000e+00
-9.56451615e-01 2.66183394e-01 -1.19777753e-01 7.07610300e-02
2.39897252e-01 9.50614665e-01 1.96929090e-01 3.00887523e-02
1.66281742e-01 1.59618792e-01 -9.73073596e-01 6.22185319e-01
0.00000000e+00 0.00000000e+00 0.00000000e+00 1.00000000e+00
9.58461812e-01 -1.37250839e-01 -2.50026323e-01 9.17989790e-01
-1.84691884e-01 3.69342864e-01 -9.10755047e-01 -2.73858433e-02
2.17347332e-01 9.19101766e-01 3.28651915e-01 5.92180361e-01
0.00000000e+00 0.00000000e+00 0.00000000e+00 1.00000000e+00
-2.59164793e-03 1.35776625e-06 -9.99996642e-01 3.01347050e-01
-4.12193204e-05 9.99999999e-01 1.46459713e-06 -2.33608136e-05
9.99996641e-01 4.12229777e-05 -2.59164787e-03 7.03975813e-01
0.00000000e+00 0.00000000e+00 0.00000000e+00 1.00000000e+00
-7.60925036e-01 5.86731894e-01 -2.77017642e-01 -2.27999822e-02
4.20341191e-01 7.71004591e-01 4.78398583e-01 3.51651087e-02
4.94273581e-01 2.47583534e-01 -8.33304279e-01 6.17257724e-01
0.00000000e+00 0.00000000e+00 0.00000000e+00 1.00000000e+00
8.04160031e-01 -1.61113966e-01 -5.72161633e-01 9.39906878e-01
-3.20151869e-01 6.93623490e-01 -6.45282291e-01 2.08519069e-02
5.00828738e-01 7.02088843e-01 5.06203350e-01 6.00291814e-01
0.00000000e+00 0.00000000e+00 0.00000000e+00 1.00000000e+00
-2.57693430e-03 1.81269083e-05 -9.99996680e-01 3.01350621e-01
-3.35320920e-05 9.99999999e-01 1.82133787e-05 -2.49577899e-05
9.99996679e-01 3.35789154e-05 -2.57693369e-03 7.03971567e-01
0.00000000e+00 0.00000000e+00 0.00000000e+00 1.00000000e+00
-3.63122789e-01 8.94812719e-01 -2.59715302e-01 -9.27047657e-02
6.30894391e-01 4.41250482e-01 6.38177310e-01 3.98460434e-02
6.85648676e-01 6.78837973e-02 -7.24760431e-01 6.79881685e-01
0.00000000e+00 0.00000000e+00 0.00000000e+00 1.00000000e+00
7.22105000e-01 5.49874451e-02 -6.89594627e-01 9.95143686e-01
-2.78432732e-01 9.35631646e-01 -2.16953073e-01 3.20268376e-02
6.33276861e-01 3.48668615e-01 6.90934594e-01 6.15475534e-01
0.00000000e+00 0.00000000e+00 0.00000000e+00 1.00000000e+00
-2.55195605e-03 2.52192751e-05 -9.99996743e-01 3.01355541e-01
-2.01036475e-05 9.99999999e-01 2.52706610e-05 -2.49468694e-05
9.99996744e-01 2.01680716e-05 -2.55195555e-03 7.03966559e-01
0.00000000e+00 0.00000000e+00 0.00000000e+00 1.00000000e+00
3.15634600e-02 9.74900915e-01 -2.20390459e-01 -8.59795897e-02
8.08253101e-01 1.04820565e-01 5.79430387e-01 3.40444389e-02
5.87988667e-01 -1.96420100e-01 -7.84658188e-01 7.59839140e-01
0.00000000e+00 0.00000000e+00 0.00000000e+00 1.00000000e+00
7.98314206e-01 2.92307307e-01 -5.26546168e-01 1.04428493e+00
-2.47707528e-01 9.56302817e-01 1.55325149e-01 -1.24123907e-02
5.48940260e-01 6.43117683e-03 8.35836845e-01 6.36906049e-01
0.00000000e+00 0.00000000e+00 0.00000000e+00 1.00000000e+00
-2.54214038e-03 3.80510592e-05 -9.99996768e-01 3.01357810e-01
-8.59159072e-06 9.99999999e-01 3.80730232e-05 -2.50738178e-05
9.99996769e-01 8.68834992e-06 -2.54214005e-03 7.03963601e-01
0.00000000e+00 0.00000000e+00 0.00000000e+00 1.00000000e+00
2.35996151e-01 9.23429247e-01 -3.02628886e-01 -1.56127635e-02
9.24683954e-01 -1.17647325e-01 3.62103151e-01 1.73974262e-02
2.98773161e-01 -3.65291025e-01 -8.81644523e-01 8.00473669e-01
0.00000000e+00 0.00000000e+00 0.00000000e+00 1.00000000e+00
8.89487769e-01 4.08326415e-01 -2.05136654e-01 1.04956871e+00
-3.35679202e-01 8.88465172e-01 3.12968227e-01 -9.90122310e-02
3.10049966e-01 -2.09521302e-01 9.27345589e-01 6.59027300e-01
0.00000000e+00 0.00000000e+00 0.00000000e+00 1.00000000e+00
-2.52725681e-03 5.11090013e-05 -9.99996805e-01 3.01361664e-01
1.82696754e-05 9.99999999e-01 5.10629922e-05 -2.52903724e-05
9.99996806e-01 -1.81405677e-05 -2.52725774e-03 7.03959117e-01
0.00000000e+00 0.00000000e+00 0.00000000e+00 1.00000000e+00
2.02330241e-01 8.72935802e-01 -4.43898140e-01 9.05353348e-02
9.79059449e-01 -1.69902086e-01 1.12142216e-01 -5.36789044e-03
2.24737356e-02 -4.57292430e-01 -8.89032375e-01 7.52962418e-01
0.00000000e+00 0.00000000e+00 0.00000000e+00 1.00000000e+00
8.82848879e-01 4.57912368e-01 1.04374906e-01 9.74564842e-01
-4.69554254e-01 8.55930496e-01 2.16568209e-01 -1.99479573e-01
9.83159618e-03 -2.40206681e-01 9.70671979e-01 6.73395605e-01
0.00000000e+00 0.00000000e+00 0.00000000e+00 1.00000000e+00
-2.51273089e-03 6.07954666e-05 -9.99996841e-01 3.01365369e-01
3.36080782e-05 9.99999998e-01 6.07112102e-05 -2.41862421e-05
9.99996843e-01 -3.34554211e-05 -2.51273292e-03 7.03954739e-01
0.00000000e+00 0.00000000e+00 0.00000000e+00 1.00000000e+00
1.62813111e-02 8.78518273e-01 -4.77431213e-01 1.58282297e-01
9.94260170e-01 -6.47236108e-02 -8.51913626e-02 -1.62735740e-02
-1.05743241e-01 -4.73303812e-01 -8.74529513e-01 6.42171401e-01
0.00000000e+00 0.00000000e+00 0.00000000e+00 1.00000000e+00
8.32562756e-01 5.13748522e-01 2.07127290e-01 8.46868997e-01
-5.28825337e-01 8.48467008e-01 2.11541812e-02 -2.40220799e-01
-1.64872743e-01 -1.27146342e-01 9.78085265e-01 6.69684724e-01
0.00000000e+00 0.00000000e+00 0.00000000e+00 1.00000000e+00
-2.50285370e-03 6.64473200e-05 -9.99996866e-01 3.01366476e-01
3.36117538e-05 9.99999997e-01 6.63634026e-05 -2.47339393e-05
9.99996867e-01 -3.34455505e-05 -2.50285592e-03 7.03953488e-01
0.00000000e+00 0.00000000e+00 0.00000000e+00 1.00000000e+00
-1.22862362e-01 8.45647492e-01 -5.19408471e-01 1.63866063e-01
9.87252531e-01 5.07869850e-02 -1.50841381e-01 -1.23088356e-02
-1.01179445e-01 -5.31320056e-01 -8.41107435e-01 5.41011431e-01
0.00000000e+00 0.00000000e+00 0.00000000e+00 1.00000000e+00
8.09895279e-01 5.56415869e-01 1.85663722e-01 7.45937692e-01
-5.47572772e-01 8.30662828e-01 -1.00813321e-01 -2.25565155e-01
-2.10318084e-01 -2.00161664e-02 9.77428083e-01 6.57515983e-01
0.00000000e+00 0.00000000e+00 0.00000000e+00 1.00000000e+00
-2.49783708e-03 8.08889917e-05 -9.99996877e-01 3.01367784e-01
3.36186382e-05 9.99999996e-01 8.08052699e-05 -2.56191801e-05
9.99996880e-01 -3.34166948e-05 -2.49783979e-03 7.03951976e-01
0.00000000e+00 0.00000000e+00 0.00000000e+00 1.00000000e+00
-1.80326171e-01 8.13597203e-01 -5.52758594e-01 1.50274010e-01
9.79841567e-01 9.94621089e-02 -1.73256437e-01 -6.99373652e-03
-8.59824169e-02 -5.72858517e-01 -8.15131979e-01 4.90197886e-01
0.00000000e+00 0.00000000e+00 0.00000000e+00 1.00000000e+00
8.03501410e-01 5.74967694e-01 1.54264823e-01 6.96924320e-01
-5.56686227e-01 8.17525163e-01 -1.47489160e-01 -2.04500705e-01
-2.10916877e-01 3.26306457e-02 9.76959217e-01 6.48790661e-01
0.00000000e+00 0.00000000e+00 0.00000000e+00 1.00000000e+00
-2.49034803e-03 8.26591956e-05 -9.99996896e-01 3.01369346e-01
4.70443628e-05 9.99999995e-01 8.25422946e-05 -2.51603478e-05
9.99996898e-01 -4.68386578e-05 -2.49035190e-03 7.03949720e-01
0.00000000e+00 0.00000000e+00 0.00000000e+00 1.00000000e+00
-2.23865874e-01 8.01203803e-01 -5.54938318e-01 1.28361413e-01
9.72458535e-01 1.45725094e-01 -1.81902705e-01 2.56466530e-04
-6.48727007e-02 -5.80376312e-01 -8.11760352e-01 4.44766253e-01
0.00000000e+00 0.00000000e+00 0.00000000e+00 1.00000000e+00
7.99645459e-01 5.88154717e-01 1.21000697e-01 6.58707129e-01
-5.65599351e-01 8.05426494e-01 -1.77159635e-01 -1.80550768e-01
-2.01654442e-01 7.32269815e-02 9.76715565e-01 6.40383091e-01
0.00000000e+00 0.00000000e+00 0.00000000e+00 1.00000000e+00
-2.48778415e-03 7.18321625e-05 -9.99996903e-01 3.01369449e-01
4.70458055e-05 9.99999996e-01 7.17153445e-05 -2.53646061e-05
9.99996904e-01 -4.68672475e-05 -2.48778752e-03 7.03950062e-01
0.00000000e+00 0.00000000e+00 0.00000000e+00 1.00000000e+00
-2.23456451e-01 8.01165288e-01 -5.55158893e-01 1.28293221e-01
9.72594545e-01 1.45731399e-01 -1.81169011e-01 2.16834973e-04
-6.42422411e-02 -5.80427895e-01 -8.11773609e-01 4.44658809e-01
0.00000000e+00 0.00000000e+00 0.00000000e+00 1.00000000e+00
7.99649649e-01 5.88144355e-01 1.21023372e-01 6.58729760e-01
-5.65591918e-01 8.05436738e-01 -1.77136794e-01 -1.80559886e-01
-2.01658676e-01 7.31975339e-02 9.76716898e-01 6.40391052e-01
0.00000000e+00 0.00000000e+00 0.00000000e+00 1.00000000e+00
-2.47231303e-03 3.20711657e-05 -9.99996943e-01 3.01371942e-01
4.69934374e-05 9.99999998e-01 3.19550808e-05 -1.91609827e-05
9.99996943e-01 -4.69142908e-05 -2.47231453e-03 7.03944284e-01
0.00000000e+00 0.00000000e+00 0.00000000e+00 1.00000000e+00
-2.22965039e-01 8.01379894e-01 -5.55046716e-01 1.28305347e-01
9.72759389e-01 1.45845743e-01 -1.80189317e-01 2.28434983e-04
-6.34488951e-02 -5.80102823e-01 -8.12068318e-01 4.44524436e-01
0.00000000e+00 0.00000000e+00 0.00000000e+00 1.00000000e+00
7.99616940e-01 5.88196760e-01 1.20984797e-01 6.58736292e-01
-5.65662499e-01 8.05403027e-01 -1.77064679e-01 -1.80548609e-01
-2.01590393e-01 7.31473540e-02 9.76734753e-01 6.40387726e-01
0.00000000e+00 0.00000000e+00 0.00000000e+00 1.00000000e+00
-2.47285580e-03 3.32774414e-05 -9.99996942e-01 3.01371886e-01
4.69944940e-05 9.99999998e-01 3.31613321e-05 -1.92847981e-05
9.99996941e-01 -4.69123471e-05 -2.47285736e-03 7.03944359e-01
0.00000000e+00 0.00000000e+00 0.00000000e+00 1.00000000e+00
-2.22939554e-01 8.01444302e-01 -5.54963950e-01 1.28284667e-01
9.72755760e-01 1.45757942e-01 -1.80279931e-01 2.33750401e-04
-6.35939202e-02 -5.80035906e-01 -8.12104772e-01 4.44485581e-01
0.00000000e+00 0.00000000e+00 0.00000000e+00 1.00000000e+00
7.99674399e-01 5.88113390e-01 1.21010316e-01 6.58766492e-01
-5.65578799e-01 8.05464147e-01 -1.77054032e-01 -1.80588733e-01
-2.01597318e-01 7.31447075e-02 9.76733522e-01 6.40395400e-01
0.00000000e+00 0.00000000e+00 0.00000000e+00 1.00000000e+00
-2.48278119e-03 3.51078723e-05 -9.99996917e-01 3.01370847e-01
4.69874781e-05 9.99999998e-01 3.49913205e-05 -1.83423999e-05
9.99996917e-01 -4.69004574e-05 -2.48278283e-03 7.03945714e-01
0.00000000e+00 0.00000000e+00 0.00000000e+00 1.00000000e+00
-2.12330045e-01 8.25860247e-01 -5.22370371e-01 1.58384965e-01
9.76582825e-01 1.60368652e-01 -1.43415066e-01 -1.60250608e-02
-3.46689698e-02 -5.40589261e-01 -8.40572016e-01 4.67280367e-01
0.00000000e+00 0.00000000e+00 0.00000000e+00 1.00000000e+00
8.23872651e-01 5.56946083e-01 1.05094789e-01 6.87823646e-01
-5.36545188e-01 8.26153483e-01 -1.72016522e-01 -2.16568937e-01
-1.82628354e-01 8.53316051e-02 9.79472001e-01 6.57768702e-01
0.00000000e+00 0.00000000e+00 0.00000000e+00 1.00000000e+00
-2.48657905e-03 2.11772694e-05 -9.99996908e-01 3.01370301e-01
4.31182534e-05 9.99999999e-01 2.10701176e-05 -1.44276081e-05
9.99996908e-01 -4.30657276e-05 -2.48657996e-03 7.03946858e-01
0.00000000e+00 0.00000000e+00 0.00000000e+00 1.00000000e+00
-2.01760479e-01 9.05928295e-01 -3.72272257e-01 1.87648194e-01
9.79430139e-01 1.85433168e-01 -7.95684860e-02 -3.79605477e-02
-3.05171891e-03 -3.80668444e-01 -9.24706560e-01 4.93280924e-01
0.00000000e+00 0.00000000e+00 0.00000000e+00 1.00000000e+00
8.52885940e-01 5.14833261e-01 8.67887458e-02 7.33628560e-01
-4.96740289e-01 8.51348806e-01 -1.68684011e-01 -2.55693353e-01
-1.60731635e-01 1.00756755e-01 9.81841850e-01 6.80292050e-01
0.00000000e+00 0.00000000e+00 0.00000000e+00 1.00000000e+00
-2.51306760e-03 1.83122020e-06 -9.99996842e-01 3.01367096e-01
3.92363175e-05 9.99999999e-01 1.73262215e-06 -8.88051658e-06
9.99996841e-01 -3.92318394e-05 -2.51306767e-03 7.03952292e-01
0.00000000e+00 0.00000000e+00 0.00000000e+00 1.00000000e+00
-2.04843631e-01 9.25020279e-01 -3.19963389e-01 2.34307100e-01
9.78438146e-01 2.02341949e-01 -4.14310415e-02 -8.54460721e-02
2.64174621e-02 -3.21551270e-01 -9.46523586e-01 5.94075394e-01
0.00000000e+00 0.00000000e+00 0.00000000e+00 1.00000000e+00
9.04537073e-01 4.22187197e-01 5.97549433e-02 8.48944530e-01
-4.07596791e-01 8.97278420e-01 -1.69576806e-01 -3.01518885e-01
-1.25209978e-01 1.29032585e-01 9.83703743e-01 7.25971306e-01
0.00000000e+00 0.00000000e+00 0.00000000e+00 1.00000000e+00
-2.55714664e-03 -2.99742780e-05 -9.99996730e-01 3.01362140e-01
3.34044020e-05 9.99999999e-01 -3.00597962e-05 2.79600773e-07
9.99996730e-01 -3.34811600e-05 -2.55714564e-03 7.03962444e-01
0.00000000e+00 0.00000000e+00 0.00000000e+00 1.00000000e+00
-2.40763781e-01 9.13538950e-01 -3.27840494e-01 2.14159133e-01
9.70546589e-01 2.23649043e-01 -8.95568257e-02 -1.45992248e-01
-8.49243578e-03 -3.39746513e-01 -9.40478700e-01 7.50763516e-01
0.00000000e+00 0.00000000e+00 0.00000000e+00 1.00000000e+00
9.59228620e-01 2.77903350e-01 5.14799207e-02 1.01677867e+00
-2.65819799e-01 9.48962591e-01 -1.69734602e-01 -2.69130543e-01
-9.60223334e-02 1.49129906e-01 9.84144290e-01 7.84371527e-01
0.00000000e+00 0.00000000e+00 0.00000000e+00 1.00000000e+00
-2.59335604e-03 -6.20403742e-05 -9.99996635e-01 3.01357879e-01
1.79820714e-05 9.99999998e-01 -6.20872169e-05 8.80860451e-06
9.99996637e-01 -1.81430252e-05 -2.59335492e-03 7.03969366e-01
0.00000000e+00 0.00000000e+00 0.00000000e+00 1.00000000e+00
-2.14340571e-01 9.59420446e-01 -1.83222619e-01 1.04667871e-01
9.76758667e-01 2.10687571e-01 -3.94113335e-02 -1.89868939e-01
7.90689185e-04 -1.87411728e-01 -9.82281130e-01 8.46937293e-01
0.00000000e+00 0.00000000e+00 0.00000000e+00 1.00000000e+00
9.89004423e-01 1.32789585e-01 6.50936008e-02 1.10618187e+00
-1.22689460e-01 9.82495404e-01 -1.40178737e-01 -1.58570853e-01
-8.25684399e-02 1.30651092e-01 9.87984183e-01 8.22078040e-01
0.00000000e+00 0.00000000e+00 0.00000000e+00 1.00000000e+00
-2.63949730e-03 -8.43947456e-05 -9.99996513e-01 3.01352180e-01
6.35001146e-06 9.99999996e-01 -8.44118004e-05 1.75801553e-05
9.99996517e-01 -6.57279404e-06 -2.63949676e-03 7.03979316e-01
0.00000000e+00 0.00000000e+00 0.00000000e+00 1.00000000e+00
-1.59396844e-01 9.87196749e-01 5.93513648e-03 8.12453082e-04
9.86786559e-01 1.59147835e-01 3.04015489e-02 -2.03096069e-01
2.90677461e-02 1.07026238e-02 -9.99520145e-01 8.41359314e-01
0.00000000e+00 0.00000000e+00 0.00000000e+00 1.00000000e+00
9.97593334e-01 1.23702949e-02 6.82240069e-02 1.10874320e+00
-6.40338069e-03 9.96188138e-01 -8.69953465e-02 -6.51097204e-02
-6.90401045e-02 8.63491135e-02 9.93869858e-01 8.35014947e-01
0.00000000e+00 0.00000000e+00 0.00000000e+00 1.00000000e+00
-2.67052595e-03 -1.04584451e-04 -9.99996429e-01 3.01348647e-01
-9.00305599e-06 9.99999994e-01 -1.04560781e-04 2.25323760e-05
9.99996434e-01 8.72379156e-06 -2.67052688e-03 7.03984749e-01
0.00000000e+00 0.00000000e+00 0.00000000e+00 1.00000000e+00
-1.16476848e-01 9.85861149e-01 1.20461362e-01 -4.80669215e-02
9.93120397e-01 1.14137854e-01 2.61615626e-02 -1.99702393e-01
1.20424668e-02 1.22679852e-01 -9.92373233e-01 8.07465361e-01
0.00000000e+00 0.00000000e+00 0.00000000e+00 1.00000000e+00
9.96484267e-01 -5.93959460e-02 5.90866144e-02 1.08843596e+00
6.21778022e-02 9.96985393e-01 -4.64117135e-02 -2.33624955e-02
-5.61518238e-02 4.99224182e-02 9.97173367e-01 8.35188151e-01
0.00000000e+00 0.00000000e+00 0.00000000e+00 1.00000000e+00
-2.68670723e-03 -1.08400345e-04 -9.99996385e-01 3.01347003e-01
-1.28597104e-05 9.99999994e-01 -1.08366186e-04 2.45540633e-05
9.99996391e-01 1.25685157e-05 -2.68670861e-03 7.03986749e-01
0.00000000e+00 0.00000000e+00 0.00000000e+00 1.00000000e+00
-9.25284867e-02 9.81510197e-01 1.67559581e-01 -6.60839097e-02
9.95626510e-01 8.90216071e-02 2.83373782e-02 -1.94933058e-01
1.28970025e-02 1.69448776e-01 -9.85454606e-01 7.85460833e-01
0.00000000e+00 0.00000000e+00 0.00000000e+00 1.00000000e+00
9.93711029e-01 -1.00845003e-01 4.86690501e-02 1.07220092e+00
1.01972085e-01 9.94560209e-01 -2.12528945e-02 -5.49283702e-03
-4.62610525e-02 2.60821202e-02 9.98588823e-01 8.32889400e-01
0.00000000e+00 0.00000000e+00 0.00000000e+00 1.00000000e+00
-2.70011542e-03 -1.14764434e-04 -9.99996348e-01 3.01346170e-01
-1.67128820e-05 9.99999993e-01 -1.14719725e-04 2.61880427e-05
9.99996355e-01 1.64030644e-05 -2.70011732e-03 7.03987986e-01
0.00000000e+00 0.00000000e+00 0.00000000e+00 1.00000000e+00
-8.00120945e-02 9.78629874e-01 1.89424482e-01 -7.29422915e-02
9.96729525e-01 7.63894219e-02 2.63611475e-02 -1.91927389e-01
1.13277798e-02 1.90914185e-01 -9.81541367e-01 7.74236225e-01
0.00000000e+00 0.00000000e+00 0.00000000e+00 1.00000000e+00
9.92475964e-01 -1.14079740e-01 4.44665576e-02 1.06658163e+00
1.14761966e-01 9.93306696e-01 -1.30957703e-02 -7.96609027e-04
-4.26749674e-02 1.81003069e-02 9.98925035e-01 8.31788244e-01
0.00000000e+00 0.00000000e+00 0.00000000e+00 1.00000000e+00
