-6.71717712e-02 9.96645792e-01 4.67452543e-02 -6.15880008e-02
9.93887092e-01 7.09529578e-02 -8.45820717e-02 2.52227458e-02
-8.76150798e-02 4.07779773e-02 -9.95319423e-01 3.55574826e-01
0.00000000e+00 0.00000000e+00 0.00000000e+00 1.00000000e+00
-6.71675893e-02 9.96675380e-01 4.61161705e-02 -6.15990180e-02
9.93960163e-01 7.08618535e-02 -8.37961336e-02 2.52251935e-02
-8.67854206e-02 4.02092520e-02 -9.95415243e-01 3.55558578e-01
0.00000000e+00 0.00000000e+00 0.00000000e+00 1.00000000e+00
-6.35663984e-02 9.96603610e-01 5.23503417e-02 -6.26410691e-02
9.81752001e-01 7.18674715e-02 -1.76062702e-01 5.99620860e-02
-1.79227011e-01 4.02033808e-02 -9.82985944e-01 4.03996814e-01
0.00000000e+00 0.00000000e+00 0.00000000e+00 1.00000000e+00
-6.00694290e-02 9.97114826e-01 4.64078454e-02 -6.40033064e-02
9.63293171e-01 7.00928051e-02 -2.59139469e-01 1.01732362e-01
-2.61644663e-01 2.91380006e-02 -9.64724337e-01 4.61790459e-01
0.00000000e+00 0.00000000e+00 0.00000000e+00 1.00000000e+00
-6.18641336e-02 9.96461093e-01 5.69044805e-02 -8.29652222e-02
9.91161082e-01 6.80388301e-02 -1.13887787e-01 -4.23582980e-03
-1.17356463e-01 4.93559371e-02 -9.91862618e-01 1.22913232e+00
0.00000000e+00 0.00000000e+00 0.00000000e+00 1.00000000e+00
-6.39322669e-02 9.95210535e-01 7.39503637e-02 -8.29978655e-02
9.96905813e-01 6.70853331e-02 -4.09677742e-02 -1.01248628e-01
-4.57325452e-02 7.11023847e-02 -9.96420085e-01 1.24779518e+00
0.00000000e+00 0.00000000e+00 0.00000000e+00 1.00000000e+00
-6.29606816e-02 9.96117048e-01 6.15368100e-02 -8.30426041e-02
9.98010259e-01 6.26312267e-02 7.27001353e-03 -1.85229175e-01
3.38765851e-03 6.18720927e-02 -9.98078338e-01 1.25872070e+00
0.00000000e+00 0.00000000e+00 0.00000000e+00 1.00000000e+00
-6.39734742e-02 9.96332770e-01 5.68190704e-02 -8.30093713e-02
9.97917872e-01 6.33994499e-02 1.18503140e-02 -1.85358943e-01
8.20455841e-03 5.74588716e-02 -9.98314161e-01 1.25935094e+00
0.00000000e+00 0.00000000e+00 0.00000000e+00 1.00000000e+00
-6.43778161e-02 9.96568651e-01 5.20232727e-02 -8.30368996e-02
9.97863766e-01 6.37059838e-02 1.44724420e-02 -1.85450941e-01
1.11085883e-02 5.28438430e-02 -9.98540999e-01 1.26052628e+00
0.00000000e+00 0.00000000e+00 0.00000000e+00 1.00000000e+00
-6.23795069e-02 9.96132721e-01 6.18740598e-02 -8.31122828e-02
9.97949959e-01 6.13644602e-02 1.81736844e-02 -1.84990959e-01
1.43065334e-02 6.28808809e-02 -9.97918493e-01 1.25690267e+00
0.00000000e+00 0.00000000e+00 0.00000000e+00 1.00000000e+00
-6.25696059e-02 9.96225631e-01 6.01625887e-02 -8.31162626e-02
9.98033821e-01 6.22331783e-02 7.45140189e-03 -1.85038768e-01
3.67916844e-03 6.05105296e-02 -9.98160778e-01 1.25745235e+00
0.00000000e+00 0.00000000e+00 0.00000000e+00 1.00000000e+00
-1.24010407e-01 9.77273387e-01 1.71924827e-01 -1.08058554e-01
9.92222340e-01 1.24010243e-01 1.07837019e-02 -1.94268850e-01
-1.07818147e-02 1.71924945e-01 -9.85051047e-01 1.23200029e+00
0.00000000e+00 0.00000000e+00 0.00000000e+00 1.00000000e+00
-1.85032384e-01 9.45942619e-01 2.66374881e-01 -1.27131636e-01
9.82613020e-01 1.82309074e-01 3.51433552e-02 -2.10630129e-01
-1.53189605e-02 2.68246085e-01 -9.63228616e-01 1.19482130e+00
0.00000000e+00 0.00000000e+00 0.00000000e+00 1.00000000e+00
-2.91243582e-01 8.53248017e-01 4.32602585e-01 -1.40090976e-01
9.56611924e-01 2.55776537e-01 1.39542070e-01 -2.60150066e-01
8.41440377e-03 4.54473524e-01 -8.90720503e-01 1.07523980e+00
0.00000000e+00 0.00000000e+00 0.00000000e+00 1.00000000e+00
-3.32840860e-01 7.39051620e-01 5.85678807e-01 -1.31246637e-01
9.39165885e-01 2.03976730e-01 2.76334821e-01 -2.98926362e-01
8.47608492e-02 6.42025074e-01 -7.61983860e-01 8.51862415e-01
0.00000000e+00 0.00000000e+00 0.00000000e+00 1.00000000e+00
-2.71085375e-01 6.64103432e-01 6.96763482e-01 -1.59165735e-01
9.51366222e-01 7.48071240e-02 2.98841438e-01 -2.72864974e-01
1.46338753e-01 7.43888785e-01 -6.52084691e-01 6.51305397e-01
0.00000000e+00 0.00000000e+00 0.00000000e+00 1.00000000e+00
-1.98371697e-01 6.21323159e-01 7.58027837e-01 -1.98548211e-01
9.66507666e-01 -4.47624312e-03 2.56598703e-01 -2.31831121e-01
1.62823834e-01 7.83541636e-01 -5.99625636e-01 5.47579686e-01
0.00000000e+00 0.00000000e+00 0.00000000e+00 1.00000000e+00
-1.47540592e-01 5.83431562e-01 7.98648475e-01 -2.30687969e-01
9.74122557e-01 -5.40710103e-02 2.19457444e-01 -1.94425650e-01
1.71222129e-01 8.10360376e-01 -5.60356176e-01 4.82883409e-01
0.00000000e+00 0.00000000e+00 0.00000000e+00 1.00000000e+00
-1.28223410e-01 5.74646588e-01 8.08294536e-01 -2.40308684e-01
9.77378663e-01 -6.50038685e-02 2.01259651e-01 -1.83795923e-01
1.68195443e-01 8.15816031e-01 -5.53312296e-01 4.68175617e-01
0.00000000e+00 0.00000000e+00 0.00000000e+00 1.00000000e+00
-1.28220715e-01 5.74646821e-01 8.08294797e-01 -2.40360990e-01
9.77406976e-01 -6.48696655e-02 2.01165428e-01 -1.83829441e-01
1.68032887e-01 8.15826549e-01 -5.53346177e-01 4.68289504e-01
0.00000000e+00 0.00000000e+00 0.00000000e+00 1.00000000e+00
3.07436570e-02 6.92431963e-01 7.20827861e-01 -2.32262704e-01
9.63882271e-01 -2.11412616e-01 1.61974298e-01 -1.45088070e-01
2.64548285e-01 6.89813513e-01 -6.73922490e-01 4.83240264e-01
0.00000000e+00 0.00000000e+00 0.00000000e+00 1.00000000e+00
2.10052087e-01 7.69380085e-01 6.03268104e-01 -2.15079126e-01
9.23030760e-01 -3.59479191e-01 1.37072709e-01 -1.00032069e-01
3.22323342e-01 5.28042608e-01 -7.85670839e-01 5.16150762e-01
0.00000000e+00 0.00000000e+00 0.00000000e+00 1.00000000e+00
8.63575763e-01 1.15858251e-01 -4.90727794e-01 3.01327467e-01
2.58145641e-01 -9.37609065e-01 2.32916444e-01 2.80194834e-01
-4.33125536e-01 -3.27820237e-01 -8.39604766e-01 7.56570037e-01
0.00000000e+00 0.00000000e+00 0.00000000e+00 1.00000000e+00
8.84365882e-01 -4.43987421e-01 1.44125488e-01 -4.03103432e-02
-4.65455250e-01 -8.15373476e-01 3.44263715e-01 3.91052072e-01
-3.53326587e-02 -3.71539050e-01 -9.27744759e-01 8.58147281e-01
0.00000000e+00 0.00000000e+00 0.00000000e+00 1.00000000e+00
8.84371354e-01 -4.44248214e-01 1.43285841e-01 -4.02625994e-02
-4.65368292e-01 -8.15232959e-01 3.44713759e-01 3.90806601e-01
-3.63271320e-02 -3.71535661e-01 -9.27707708e-01 8.57481850e-01
0.00000000e+00 0.00000000e+00 0.00000000e+00 1.00000000e+00
-7.36774360e-02 9.94843254e-01 6.97031883e-02 -8.75566761e-02
9.23002571e-01 4.15542488e-02 3.82543459e-01 -1.04881570e-01
3.77674316e-01 9.25210433e-02 -9.21304492e-01 7.63523113e-01
0.00000000e+00 0.00000000e+00 0.00000000e+00 1.00000000e+00
-7.42061240e-02 9.94463389e-01 7.44044302e-02 -8.73894914e-02
9.26370004e-01 4.11156571e-02 3.74363619e-01 -1.01509822e-01
3.69231726e-01 9.67061054e-02 -9.24292087e-01 7.61223044e-01
0.00000000e+00 0.00000000e+00 0.00000000e+00 1.00000000e+00
-7.42185637e-02 9.94662866e-01 7.16755682e-02 -8.51988571e-02
9.39150502e-01 4.55418249e-02 3.40473607e-01 -3.83748381e-02
3.35392218e-01 9.25836079e-02 -9.37518179e-01 7.27449316e-01
0.00000000e+00 0.00000000e+00 0.00000000e+00 1.00000000e+00
-7.30312207e-02 9.94967486e-01 6.86013284e-02 -8.17018556e-02
9.58304250e-01 5.09539084e-02 2.81170168e-01 3.41558337e-02
2.76259670e-01 8.62751452e-02 -9.57202797e-01 6.65169342e-01
0.00000000e+00 0.00000000e+00 0.00000000e+00 1.00000000e+00
-7.06937187e-02 9.95615860e-01 6.12491368e-02 -7.40654497e-02
9.87253295e-01 6.10579499e-02 1.46979106e-01 1.04069608e-01
1.42594983e-01 7.08589117e-02 -9.87241453e-01 5.20637521e-01
0.00000000e+00 0.00000000e+00 0.00000000e+00 1.00000000e+00
-6.81083863e-02 9.96406287e-01 5.03563206e-02 -6.68333743e-02
9.97128728e-01 6.63096170e-02 3.65695772e-02 8.33909032e-02
3.30990483e-02 5.27024288e-02 -9.98061575e-01 4.01335496e-01
0.00000000e+00 0.00000000e+00 0.00000000e+00 1.00000000e+00
-6.54886643e-02 9.96941938e-01 4.26380970e-02 -6.38084114e-02
9.97201058e-01 6.69308062e-02 -3.33214302e-02 4.90569503e-02
-3.60733334e-02 4.03365794e-02 -9.98534764e-01 3.67123847e-01
0.00000000e+00 0.00000000e+00 0.00000000e+00 1.00000000e+00
-6.64668209e-02 9.96993213e-01 3.98333515e-02 -6.17071261e-02
9.95771514e-01 6.88167481e-02 -6.08551334e-02 1.72768405e-02
-6.34133567e-02 3.56200695e-02 -9.97351471e-01 3.52614914e-01
0.00000000e+00 0.00000000e+00 0.00000000e+00 1.00000000e+00
-6.70302802e-02 9.96816381e-01 4.31745827e-02 -6.16563739e-02
9.95494909e-01 6.97243591e-02 -6.42526332e-02 1.71366103e-02
-6.70583974e-02 3.86732052e-02 -9.96999275e-01 3.52341444e-01
0.00000000e+00 0.00000000e+00 0.00000000e+00 1.00000000e+00
-6.69696197e-02 9.96833602e-01 4.28700332e-02 -6.16587244e-02
9.95510298e-01 6.96377567e-02 -6.41079442e-02 1.71776164e-02
-6.68903259e-02 3.83842749e-02 -9.97021731e-01 3.52337815e-01
0.00000000e+00 0.00000000e+00 0.00000000e+00 1.00000000e+00
-6.67553814e-02 9.96849867e-01 4.28259534e-02 -6.16764471e-02
9.95495993e-01 6.94376802e-02 -6.45456157e-02 1.71936276e-02
-6.73160233e-02 3.83242978e-02 -9.96995387e-01 3.52372854e-01
0.00000000e+00 0.00000000e+00 0.00000000e+00 1.00000000e+00
-6.69639848e-02 9.96852878e-01 4.24283326e-02 -6.20748636e-02
9.97491828e-01 6.78630904e-02 -2.01160261e-02 -2.39895162e-02
-2.29320363e-02 4.09748657e-02 -9.98896983e-01 3.63569607e-01
0.00000000e+00 0.00000000e+00 0.00000000e+00 1.00000000e+00
-6.65282438e-02 9.96737590e-01 4.56964924e-02 -6.29394608e-02
9.97485006e-01 6.53163775e-02 2.75215185e-02 -7.20995630e-02
2.44470027e-02 4.74125243e-02 -9.98576185e-01 3.83946708e-01
0.00000000e+00 0.00000000e+00 0.00000000e+00 1.00000000e+00
-6.67723083e-02 9.96455128e-01 5.11726159e-02 -6.60664128e-02
9.90759189e-01 6.01476006e-02 1.21566835e-01 -1.65382742e-01
1.18057986e-01 5.88170376e-02 -9.91263269e-01 4.64205944e-01
0.00000000e+00 0.00000000e+00 0.00000000e+00 1.00000000e+00
-6.84351592e-02 9.93311571e-01 9.29986645e-02 -7.07746808e-02
9.83110497e-01 5.12842730e-02 1.75680604e-01 -2.15952228e-01
1.69736208e-01 1.03450693e-01 -9.80044679e-01 5.86944790e-01
0.00000000e+00 0.00000000e+00 0.00000000e+00 1.00000000e+00
-6.94884702e-02 9.91320327e-01 1.11603588e-01 -7.32084371e-02
9.83520728e-01 4.93609515e-02 1.73926632e-01 -2.18071270e-01
1.66908147e-01 1.21850338e-01 -9.78414108e-01 6.51432465e-01
0.00000000e+00 0.00000000e+00 0.00000000e+00 1.00000000e+00
-7.14275189e-02 9.89602073e-01 1.24843290e-01 -7.51196971e-02
9.85416186e-01 5.06309419e-02 1.62454451e-01 -2.09965094e-01
1.54444328e-01 1.34626317e-01 -9.78786342e-01 7.03867797e-01
0.00000000e+00 0.00000000e+00 0.00000000e+00 1.00000000e+00
-7.16834450e-02 9.90128298e-01 1.20446820e-01 -7.52233363e-02
9.85912290e-01 5.20409382e-02 1.58961306e-01 -2.09847460e-01
1.51123922e-01 1.30144894e-01 -9.79910132e-01 7.06458552e-01
0.00000000e+00 0.00000000e+00 0.00000000e+00 1.00000000e+00
-7.15243851e-02 9.90460656e-01 1.17779249e-01 -7.52447079e-02
9.86162532e-01 5.25155911e-02 1.57243675e-01 -2.09904862e-01
1.49558427e-01 1.27396239e-01 -9.80511334e-01 7.06907160e-01
0.00000000e+00 0.00000000e+00 0.00000000e+00 1.00000000e+00
-7.14715025e-02 9.90140019e-01 1.20476417e-01 -7.52278227e-02
9.86260507e-01 5.21174019e-02 1.56760927e-01 -2.09806535e-01
1.48936350e-01 1.30025072e-01 -9.80260906e-01 7.06406086e-01
0.00000000e+00 0.00000000e+00 0.00000000e+00 1.00000000e+00
-7.00574515e-02 9.92555765e-01 9.96243330e-02 -7.55547052e-02
9.87964598e-01 5.52313767e-02 1.44483383e-01 -2.16703141e-01
1.37905425e-01 1.08547452e-01 -9.84479327e-01 7.12833246e-01
0.00000000e+00 0.00000000e+00 0.00000000e+00 1.00000000e+00
-6.72212528e-02 9.94407496e-01 8.14557202e-02 -7.59095455e-02
9.92418366e-01 5.82203297e-02 1.08241307e-01 -2.21780965e-01
1.02893588e-01 8.81142690e-02 -9.90781906e-01 7.20339041e-01
0.00000000e+00 0.00000000e+00 0.00000000e+00 1.00000000e+00
-6.01621418e-02 9.96008797e-01 6.59317358e-02 -7.64515999e-02
9.98188415e-01 6.00728079e-02 3.33842058e-03 -2.15354657e-01
-6.35608238e-04 6.60131414e-02 -9.97818551e-01 7.33995891e-01
0.00000000e+00 0.00000000e+00 0.00000000e+00 1.00000000e+00
-4.87659622e-02 9.97084331e-01 5.86917108e-02 -7.73351588e-02
9.87284019e-01 5.70212255e-02 -1.48387483e-01 -1.62918128e-01
-1.51301508e-01 5.07091298e-02 -9.87186121e-01 7.43988953e-01
0.00000000e+00 0.00000000e+00 0.00000000e+00 1.00000000e+00
-3.61668982e-02 9.97488155e-01 6.09043211e-02 -7.81106754e-02
9.59198551e-01 5.17500049e-02 -2.77956971e-01 -5.72785198e-02
-2.80410585e-01 4.83664950e-02 -9.58660830e-01 7.37731285e-01
0.00000000e+00 0.00000000e+00 0.00000000e+00 1.00000000e+00
-3.35151339e-02 9.98488127e-01 4.35682921e-02 -7.80767429e-02
9.32942251e-01 4.68906890e-02 -3.56959409e-01 4.48520199e-02
-3.58462679e-01 2.86831581e-02 -9.33103308e-01 7.24235685e-01
0.00000000e+00 0.00000000e+00 0.00000000e+00 1.00000000e+00
-2.70522466e-02 9.97334152e-01 6.77699466e-02 -7.83368598e-02
9.25357105e-01 5.06291656e-02 -3.75700566e-01 9.91133015e-02
-3.78130141e-01 5.25478573e-02 -9.24259876e-01 7.09025647e-01
0.00000000e+00 0.00000000e+00 0.00000000e+00 1.00000000e+00
-2.43152692e-02 9.95448218e-01 9.21499527e-02 -7.82066786e-02
9.18840562e-01 5.85707349e-02 -3.90258237e-01 1.40563140e-01
-3.93879157e-01 7.51818802e-02 -9.16082363e-01 6.94244727e-01
0.00000000e+00 0.00000000e+00 0.00000000e+00 1.00000000e+00
-2.42408701e-02 9.96013000e-01 8.58515179e-02 -7.82869402e-02
9.16140444e-01 5.65039377e-02 -3.96855127e-01 1.42090004e-01
-4.00123815e-01 6.90319341e-02 -9.13857497e-01 6.95164486e-01
0.00000000e+00 0.00000000e+00 0.00000000e+00 1.00000000e+00
-2.43724217e-02 9.96007117e-01 8.58825264e-02 -7.82852294e-02
9.16787291e-01 5.65241621e-02 -3.95355640e-01 1.42058847e-01
-3.98631469e-01 6.91002343e-02 -9.14504297e-01 6.95069457e-01
0.00000000e+00 0.00000000e+00 0.00000000e+00 1.00000000e+00
-2.52119326e-02 9.98326870e-01 5.20367087e-02 -7.98154392e-02
8.93254588e-01 4.58684954e-02 -4.47205012e-01 8.56547983e-02
-4.48843625e-01 3.52071262e-02 -8.92916490e-01 7.54351972e-01
0.00000000e+00 0.00000000e+00 0.00000000e+00 1.00000000e+00
-2.72895316e-02 9.98449973e-01 4.85070313e-02 -8.21081092e-02
8.82142867e-01 4.68784150e-02 -4.68643123e-01 3.10563950e-02
-4.70190647e-01 3.00010804e-02 -8.82054812e-01 8.32284688e-01
0.00000000e+00 0.00000000e+00 0.00000000e+00 1.00000000e+00
-3.51234180e-02 9.97985098e-01 5.28402275e-02 -8.70625103e-02
8.83676173e-01 5.57086309e-02 -4.64771955e-01 -8.52059699e-03
-4.66779142e-01 3.03692704e-02 -8.83852329e-01 9.83017269e-01
0.00000000e+00 0.00000000e+00 0.00000000e+00 1.00000000e+00
-4.19250360e-02 9.97199148e-01 6.19366730e-02 -9.24779066e-02
8.86523896e-01 6.57181030e-02 -4.57991827e-01 2.44405623e-02
-4.60779420e-01 3.57070168e-02 -8.86796107e-01 1.12469791e+00
0.00000000e+00 0.00000000e+00 0.00000000e+00 1.00000000e+00
-4.87157573e-02 9.96668624e-01 6.54096963e-02 -9.48240459e-02
8.91269620e-01 7.29372529e-02 -4.47569683e-01 6.59160822e-02
-4.50849464e-01 3.64939791e-02 -8.91853660e-01 1.18666344e+00
0.00000000e+00 0.00000000e+00 0.00000000e+00 1.00000000e+00
-5.05096052e-02 9.96257373e-01 7.01429026e-02 -9.64942637e-02
8.96331331e-01 7.61961366e-02 -4.36788615e-01 1.03899517e-01
-4.40498496e-01 4.08092607e-02 -8.96825334e-01 1.22302551e+00
0.00000000e+00 0.00000000e+00 0.00000000e+00 1.00000000e+00
-5.16261617e-02 9.96506857e-01 6.56416321e-02 -9.67039308e-02
8.93175969e-01 7.54756969e-02 -4.43328443e-01 1.11861378e-01
-4.46734181e-01 3.57421825e-02 -8.93952498e-01 1.23058740e+00
0.00000000e+00 0.00000000e+00 0.00000000e+00 1.00000000e+00
-5.08151510e-02 9.96080444e-01 7.23986873e-02 -9.67585054e-02
8.96013240e-01 7.74884658e-02 -4.37213691e-01 1.11506467e-01
-4.41110071e-01 4.26531026e-02 -8.96438854e-01 1.22921590e+00
0.00000000e+00 0.00000000e+00 0.00000000e+00 1.00000000e+00
-5.13953285e-02 9.96496172e-01 6.59840782e-02 -9.66874912e-02
8.97985282e-01 7.50246597e-02 -4.33582441e-01 1.11779085e-01
-4.37013676e-01 3.69686191e-02 -8.98694814e-01 1.22995160e+00
0.00000000e+00 0.00000000e+00 0.00000000e+00 1.00000000e+00
-5.21126210e-02 9.96702343e-01 6.21989896e-02 -9.66992150e-02
8.96743668e-01 7.41135038e-02 -4.36300335e-01 1.11917943e-01
-4.39471351e-01 3.30397960e-02 -8.97648764e-01 1.23022213e+00
0.00000000e+00 0.00000000e+00 0.00000000e+00 1.00000000e+00
-4.39799625e-02 9.96733125e-01 6.77409843e-02 -1.04067243e-01
8.91690088e-01 6.97409134e-02 -4.47241537e-01 1.13128799e-01
-4.50504773e-01 4.07342981e-02 -8.91844250e-01 1.22947634e+00
0.00000000e+00 0.00000000e+00 0.00000000e+00 1.00000000e+00
7.40605116e-02 9.89885914e-01 1.20999661e-01 -2.03764279e-01
8.68712436e-01 -4.45157025e-03 -4.95296767e-01 1.31469780e-01
-4.89748654e-01 1.41795842e-01 -8.60255889e-01 1.21646494e+00
0.00000000e+00 0.00000000e+00 0.00000000e+00 1.00000000e+00
7.46572567e-01 5.05181304e-01 4.32921762e-01 -6.09239348e-01
6.61746741e-01 -4.96659294e-01 -5.61623358e-01 2.89939584e-01
-6.87070038e-02 7.05777158e-01 -7.05094286e-01 7.22397468e-01
0.00000000e+00 0.00000000e+00 0.00000000e+00 1.00000000e+00
5.30497188e-01 7.40510675e-01 4.12573234e-01 -5.63839503e-01
8.36368722e-01 -5.36504173e-01 -1.12475033e-01 1.64466717e-01
1.38058300e-01 4.04731037e-01 -9.03953922e-01 5.90215611e-01
0.00000000e+00 0.00000000e+00 0.00000000e+00 1.00000000e+00
-8.19691106e-01 4.04235495e-01 -4.05832669e-01 1.46064621e-01
5.00324068e-01 8.50230441e-01 -1.63658253e-01 -1.94053277e-01
2.78894814e-01 -3.37197066e-01 -8.99175078e-01 5.93936202e-01
0.00000000e+00 0.00000000e+00 0.00000000e+00 1.00000000e+00
-8.93152981e-01 -1.75366037e-02 -4.49410970e-01 3.12484176e-01
1.24305537e-01 9.50690514e-01 -2.84140247e-01 -9.27305962e-02
4.32233601e-01 -3.09644981e-01 -8.46932170e-01 5.00101607e-01
0.00000000e+00 0.00000000e+00 0.00000000e+00 1.00000000e+00
-8.76007332e-01 -2.28786096e-01 -4.24579883e-01 3.74519609e-01
-7.75568577e-02 9.35693720e-01 -3.44183376e-01 -1.53595094e-02
4.76021101e-01 -2.68578079e-01 -8.37418489e-01 4.49183921e-01
0.00000000e+00 0.00000000e+00 0.00000000e+00 1.00000000e+00
-3.20321255e-01 9.40787823e-01 1.10961999e-01 -4.30466047e-04
9.39848525e-01 3.00939306e-01 1.61617714e-01 2.35803278e-02
1.18655150e-01 1.56057060e-01 -9.80595304e-01 3.16626383e-01
0.00000000e+00 0.00000000e+00 0.00000000e+00 1.00000000e+00
-1.53298416e-01 9.85052296e-01 7.85593369e-02 -4.06893770e-02
9.88144519e-01 1.52134627e-01 2.06267815e-02 1.80080768e-02
8.36686303e-03 8.07900311e-02 -9.96696025e-01 3.38406173e-01
0.00000000e+00 0.00000000e+00 0.00000000e+00 1.00000000e+00
-6.59776759e-02 9.96701831e-01 4.72483441e-02 -6.17175056e-02
9.94274877e-01 6.96580381e-02 -8.10260905e-02 1.65227233e-02
-8.40500797e-02 4.16319284e-02 -9.95591466e-01 3.52858903e-01
0.00000000e+00 0.00000000e+00 0.00000000e+00 1.00000000e+00
-6.61438716e-02 9.96660638e-01 4.78806933e-02 -6.16908460e-02
9.94251586e-01 6.98810789e-02 -8.11197819e-02 1.65041335e-02
-8.41948481e-02 4.22398788e-02 -9.95553625e-01 3.52749703e-01
0.00000000e+00 0.00000000e+00 0.00000000e+00 1.00000000e+00
-6.59396716e-02 9.96713553e-01 4.70537336e-02 -6.17064451e-02
9.94315785e-01 6.95853853e-02 -8.05853224e-02 1.65217140e-02
-8.35947352e-02 4.14725004e-02 -9.95636456e-01 3.52773317e-01
0.00000000e+00 0.00000000e+00 0.00000000e+00 1.00000000e+00
