-4.99787299e-02 9.97371820e-01 5.24554926e-02 -6.27728280e-02
9.37042394e-01 6.50011749e-02 -3.43112808e-01 -1.28406470e-02
-3.45620714e-01 3.20046780e-02 -9.37828354e-01 3.74836600e-01
0.00000000e+00 0.00000000e+00 0.00000000e+00 1.00000000e+00
-4.98899849e-02 9.97338785e-01 5.31633108e-02 -6.27334084e-02
9.36936208e-01 6.51718721e-02 -3.43370308e-01 -1.27844378e-02
-3.45921279e-01 3.26798914e-02 -9.37694243e-01 3.74802363e-01
0.00000000e+00 0.00000000e+00 0.00000000e+00 1.00000000e+00
-4.99824268e-02 9.97368735e-01 5.25105988e-02 -6.27346994e-02
9.36916374e-01 6.50352611e-02 -3.43450322e-01 -1.27803861e-02
-3.45961654e-01 3.20315593e-02 -9.37701719e-01 3.74813851e-01
0.00000000e+00 0.00000000e+00 0.00000000e+00 1.00000000e+00
-4.99638669e-02 9.97371202e-01 5.24813989e-02 -6.27335919e-02
9.37076839e-01 6.49930196e-02 -3.43020270e-01 -1.27733398e-02
-3.45529464e-01 3.20404843e-02 -9.37860756e-01 3.74847666e-01
0.00000000e+00 0.00000000e+00 0.00000000e+00 1.00000000e+00
-4.98717424e-02 9.97352806e-01 5.29168202e-02 -6.27404800e-02
9.36909518e-01 6.50724850e-02 -3.43461972e-01 -1.27768980e-02
-3.45996190e-01 3.24492255e-02 -9.37674615e-01 3.74795884e-01
0.00000000e+00 0.00000000e+00 0.00000000e+00 1.00000000e+00
-5.02265435e-02 9.97902788e-01 4.08328322e-02 -6.46655644e-02
9.31824294e-01 6.15354202e-02 -3.57654689e-01 -6.37459654e-02
-3.59417277e-01 2.00852662e-02 -9.32960773e-01 4.29026144e-01
0.00000000e+00 0.00000000e+00 0.00000000e+00 1.00000000e+00
-4.98833283e-02 9.98042033e-01 3.77326771e-02 -6.77018295e-02
9.28730330e-01 6.02497872e-02 -3.65827743e-01 -1.18949730e-01
-3.67384850e-01 1.67947763e-02 -9.29917366e-01 5.07158768e-01
0.00000000e+00 0.00000000e+00 0.00000000e+00 1.00000000e+00
-4.74480377e-02 9.98001118e-01 4.17426817e-02 -7.59661016e-02
9.26655505e-01 5.95802940e-02 -3.71160025e-01 -1.81919053e-01
-3.72905161e-01 2.10702709e-02 -9.27630198e-01 7.14402296e-01
0.00000000e+00 0.00000000e+00 0.00000000e+00 1.00000000e+00
-4.64956254e-02 9.97786690e-01 4.75381802e-02 -8.59114492e-02
9.20296931e-01 6.12936845e-02 -3.86389237e-01 -1.39366915e-01
-3.88447828e-01 2.57838322e-02 -9.21109917e-01 9.58206924e-01
0.00000000e+00 0.00000000e+00 0.00000000e+00 1.00000000e+00
-4.81897943e-02 9.97618146e-01 4.93536103e-02 -9.09918672e-02
9.14400742e-01 6.39451012e-02 -3.99727790e-01 -6.30660192e-02
-4.01931619e-01 2.58661779e-02 -9.15304274e-01 1.08064277e+00
0.00000000e+00 0.00000000e+00 0.00000000e+00 1.00000000e+00
-4.82061789e-02 9.97237289e-01 5.65150809e-02 -9.36124505e-02
9.15661228e-01 6.67259689e-02 -3.96373763e-01 -3.33163395e-03
-3.99049720e-01 3.26410039e-02 -9.16348125e-01 1.14026546e+00
0.00000000e+00 0.00000000e+00 0.00000000e+00 1.00000000e+00
-4.94123240e-02 9.97439311e-01 5.17034151e-02 -9.42811431e-02
9.11231766e-01 6.62149810e-02 -4.06536893e-01 1.54158377e-02
-4.08919419e-01 2.70258616e-02 -9.12170221e-01 1.15600430e+00
0.00000000e+00 0.00000000e+00 0.00000000e+00 1.00000000e+00
-4.91391671e-02 9.97290119e-01 5.47518130e-02 -9.42912944e-02
9.11249462e-01 6.72077027e-02 -4.06334275e-01 1.53778162e-02
-4.08912901e-01 2.99256322e-02 -9.12082614e-01 1.15607511e+00
0.00000000e+00 0.00000000e+00 0.00000000e+00 1.00000000e+00
-2.40912554e-02 9.98888373e-01 4.05170404e-02 -1.40657543e-01
9.59022206e-01 3.45365668e-02 -2.81218124e-01 -1.08102448e-03
-2.82304834e-01 3.20818439e-02 -9.58788160e-01 1.10995917e+00
0.00000000e+00 0.00000000e+00 0.00000000e+00 1.00000000e+00
-2.52697190e-02 9.99647947e-01 -8.08843926e-03 -1.86489736e-01
9.89353777e-01 2.38478858e-02 -1.43563162e-01 -1.78426224e-02
-1.43319728e-01 -1.16301287e-02 -9.89608102e-01 1.04055970e+00
0.00000000e+00 0.00000000e+00 0.00000000e+00 1.00000000e+00
-1.66604883e-01 9.83683424e-01 6.78950303e-02 -2.27314004e-01
9.83198297e-01 1.60524184e-01 8.69085481e-02 -4.36145230e-02
7.45917038e-02 8.12336666e-02 -9.93899979e-01 8.67808565e-01
0.00000000e+00 0.00000000e+00 0.00000000e+00 1.00000000e+00
-5.95449987e-01 8.03355046e-01 -7.74490583e-03 -1.34421319e-01
7.66642945e-01 5.71068332e-01 2.93495409e-01 -5.01909884e-02
2.40203888e-01 1.68824260e-01 -9.55929109e-01 6.84769642e-01
0.00000000e+00 0.00000000e+00 0.00000000e+00 1.00000000e+00
-9.00561256e-01 4.34583729e-01 1.12430802e-02 2.30578590e-02
4.32111766e-01 8.92006161e-01 1.32681686e-01 -2.59759602e-02
4.76324051e-02 1.24346253e-01 -9.91094932e-01 6.41650588e-01
0.00000000e+00 0.00000000e+00 0.00000000e+00 1.00000000e+00
-9.67050075e-01 2.27284911e-01 1.14698391e-01 1.07518806e-01
2.19546730e-01 9.72615979e-01 -7.62718172e-02 3.87866696e-03
-1.28892921e-01 -4.85770099e-02 -9.90468015e-01 6.76283176e-01
0.00000000e+00 0.00000000e+00 0.00000000e+00 1.00000000e+00
-9.60758303e-01 1.38171925e-01 2.40524433e-01 1.47061231e-01
8.55926470e-02 9.72467480e-01 -2.16750777e-01 2.81626963e-02
-2.63851061e-01 -1.87657986e-01 -9.46132706e-01 7.10419193e-01
0.00000000e+00 0.00000000e+00 0.00000000e+00 1.00000000e+00
-9.54386890e-01 1.20699625e-01 2.73088382e-01 1.55643663e-01
5.15481730e-02 9.67521962e-01 -2.47475330e-01 3.52650381e-02
-2.94089187e-01 -2.22110003e-01 -9.29612122e-01 7.20660949e-01
0.00000000e+00 0.00000000e+00 0.00000000e+00 1.00000000e+00
-9.54841039e-01 1.21017165e-01 2.71354816e-01 1.55694695e-01
5.19254476e-02 9.67204856e-01 -2.48633291e-01 3.53268399e-02
-2.92544592e-01 -2.23315050e-01 -9.29810760e-01 7.20825697e-01
0.00000000e+00 0.00000000e+00 0.00000000e+00 1.00000000e+00
-9.54465505e-01 1.20851255e-01 2.72746354e-01 1.55625516e-01
5.12856937e-02 9.67130774e-01 -2.49053896e-01 3.52947942e-02
-2.93879869e-01 -2.23725367e-01 -9.29290903e-01 7.20546250e-01
0.00000000e+00 0.00000000e+00 0.00000000e+00 1.00000000e+00
-9.75971718e-01 1.16396741e-01 1.84203706e-01 1.45660349e-01
8.53756103e-02 9.82048734e-01 -1.68200149e-01 3.29881376e-02
-2.00474965e-01 -1.48432084e-01 -9.68389232e-01 6.97106950e-01
0.00000000e+00 0.00000000e+00 0.00000000e+00 1.00000000e+00
-9.88571648e-01 1.41477321e-01 5.20602097e-02 1.24077195e-01
1.39713942e-01 9.89533661e-01 -3.60991575e-02 3.05953926e-02
-5.66225420e-02 -2.84130665e-02 -9.97991275e-01 6.64437398e-01
0.00000000e+00 0.00000000e+00 0.00000000e+00 1.00000000e+00
-9.56451615e-01 2.66183394e-01 -1.19777753e-01 7.07610300e-02
2.39897252e-01 9.50614665e-01 1.96929090e-01 3.00887523e-02
1.66281742e-01 1.59618792e-01 -9.73073596e-01 6.22185319e-01
0.00000000e+00 0.00000000e+00 0.00000000e+00 1.00000000e+00
-7.60925036e-01 5.86731894e-01 -2.77017642e-01 -2.27999822e-02
4.20341191e-01 7.71004591e-01 4.78398583e-01 3.51651087e-02
4.94273581e-01 2.47583534e-01 -8.33304279e-01 6.17257724e-01
0.00000000e+00 0.00000000e+00 0.00000000e+00 1.00000000e+00
-3.63122789e-01 8.94812719e-01 -2.59715302e-01 -9.27047657e-02
6.30894391e-01 4.41250482e-01 6.38177310e-01 3.98460434e-02
6.85648676e-01 6.78837973e-02 -7.24760431e-01 6.79881685e-01
0.00000000e+00 0.00000000e+00 0.00000000e+00 1.00000000e+00
3.15634600e-02 9.74900915e-01 -2.20390459e-01 -8.59795897e-02
8.08253101e-01 1.04820565e-01 5.79430387e-01 3.40444389e-02
5.87988667e-01 -1.96420100e-01 -7.84658188e-01 7.59839140e-01
0.00000000e+00 0.00000000e+00 0.00000000e+00 1.00000000e+00
2.35996151e-01 9.23429247e-01 -3.02628886e-01 -1.56127635e-02
9.24683954e-01 -1.17647325e-01 3.62103151e-01 1.73974262e-02
2.98773161e-01 -3.65291025e-01 -8.81644523e-01 8.00473669e-01
0.00000000e+00 0.00000000e+00 0.00000000e+00 1.00000000e+00
2.02330241e-01 8.72935802e-01 -4.43898140e-01 9.05353348e-02
9.79059449e-01 -1.69902086e-01 1.12142216e-01 -5.36789044e-03
2.24737356e-02 -4.57292430e-01 -8.89032375e-01 7.52962418e-01
0.00000000e+00 0.00000000e+00 0.00000000e+00 1.00000000e+00
1.62813111e-02 8.78518273e-01 -4.77431213e-01 1.58282297e-01
9.94260170e-01 -6.47236108e-02 -8.51913626e-02 -1.62735740e-02
-1.05743241e-01 -4.73303812e-01 -8.74529513e-01 6.42171401e-01
0.00000000e+00 0.00000000e+00 0.00000000e+00 1.00000000e+00
-1.22862362e-01 8.45647492e-01 -5.19408471e-01 1.63866063e-01
9.87252531e-01 5.07869850e-02 -1.50841381e-01 -1.23088356e-02
-1.01179445e-01 -5.31320056e-01 -8.41107435e-01 5.41011431e-01
0.00000000e+00 0.00000000e+00 0.00000000e+00 1.00000000e+00
-1.80326171e-01 8.13597203e-01 -5.52758594e-01 1.50274010e-01
9.79841567e-01 9.94621089e-02 -1.73256437e-01 -6.99373652e-03
-8.59824169e-02 -5.72858517e-01 -8.15131979e-01 4.90197886e-01
0.00000000e+00 0.00000000e+00 0.00000000e+00 1.00000000e+00
-2.23865874e-01 8.01203803e-01 -5.54938318e-01 1.28361413e-01
9.72458535e-01 1.45725094e-01 -1.81902705e-01 2.56466530e-04
-6.48727007e-02 -5.80376312e-01 -8.11760352e-01 4.44766253e-01
0.00000000e+00 0.00000000e+00 0.00000000e+00 1.00000000e+00
-2.23456451e-01 8.01165288e-01 -5.55158893e-01 1.28293221e-01
9.72594545e-01 1.45731399e-01 -1.81169011e-01 2.16834973e-04
-6.42422411e-02 -5.80427895e-01 -8.11773609e-01 4.44658809e-01
0.00000000e+00 0.00000000e+00 0.00000000e+00 1.00000000e+00
-2.22965039e-01 8.01379894e-01 -5.55046716e-01 1.28305347e-01
9.72759389e-01 1.45845743e-01 -1.80189317e-01 2.28434983e-04
-6.34488951e-02 -5.80102823e-01 -8.12068318e-01 4.44524436e-01
0.00000000e+00 0.00000000e+00 0.00000000e+00 1.00000000e+00
-2.22939554e-01 8.01444302e-01 -5.54963950e-01 1.28284667e-01
9.72755760e-01 1.45757942e-01 -1.80279931e-01 2.33750401e-04
-6.35939202e-02 -5.80035906e-01 -8.12104772e-01 4.44485581e-01
0.00000000e+00 0.00000000e+00 0.00000000e+00 1.00000000e+00
-2.12330045e-01 8.25860247e-01 -5.22370371e-01 1.58384965e-01
9.76582825e-01 1.60368652e-01 -1.43415066e-01 -1.60250608e-02
-3.46689698e-02 -5.40589261e-01 -8.40572016e-01 4.67280367e-01
0.00000000e+00 0.00000000e+00 0.00000000e+00 1.00000000e+00
-2.01760479e-01 9.05928295e-01 -3.72272257e-01 1.87648194e-01
9.79430139e-01 1.85433168e-01 -7.95684860e-02 -3.79605477e-02
-3.05171891e-03 -3.80668444e-01 -9.24706560e-01 4.93280924e-01
0.00000000e+00 0.00000000e+00 0.00000000e+00 1.00000000e+00
-2.04843631e-01 9.25020279e-01 -3.19963389e-01 2.34307100e-01
9.78438146e-01 2.02341949e-01 -4.14310415e-02 -8.54460721e-02
2.64174621e-02 -3.21551270e-01 -9.46523586e-01 5.94075394e-01
0.00000000e+00 0.00000000e+00 0.00000000e+00 1.00000000e+00
-2.40763781e-01 9.13538950e-01 -3.27840494e-01 2.14159133e-01
9.70546589e-01 2.23649043e-01 -8.95568257e-02 -1.45992248e-01
-8.49243578e-03 -3.39746513e-01 -9.40478700e-01 7.50763516e-01
0.00000000e+00 0.00000000e+00 0.00000000e+00 1.00000000e+00
-2.14340571e-01 9.59420446e-01 -1.83222619e-01 1.04667871e-01
9.76758667e-01 2.10687571e-01 -3.94113335e-02 -1.89868939e-01
7.90689185e-04 -1.87411728e-01 -9.82281130e-01 8.46937293e-01
0.00000000e+00 0.00000000e+00 0.00000000e+00 1.00000000e+00
-1.59396844e-01 9.87196749e-01 5.93513648e-03 8.12453082e-04
9.86786559e-01 1.59147835e-01 3.04015489e-02 -2.03096069e-01
2.90677461e-02 1.07026238e-02 -9.99520145e-01 8.41359314e-01
0.00000000e+00 0.00000000e+00 0.00000000e+00 1.00000000e+00
-1.16476848e-01 9.85861149e-01 1.20461362e-01 -4.80669215e-02
9.93120397e-01 1.14137854e-01 2.61615626e-02 -1.99702393e-01
1.20424668e-02 1.22679852e-01 -9.92373233e-01 8.07465361e-01
0.00000000e+00 0.00000000e+00 0.00000000e+00 1.00000000e+00
-9.25284867e-02 9.81510197e-01 1.67559581e-01 -6.60839097e-02
9.95626510e-01 8.90216071e-02 2.83373782e-02 -1.94933058e-01
1.28970025e-02 1.69448776e-01 -9.85454606e-01 7.85460833e-01
0.00000000e+00 0.00000000e+00 0.00000000e+00 1.00000000e+00
-8.00120945e-02 9.78629874e-01 1.89424482e-01 -7.29422915e-02
9.96729525e-01 7.63894219e-02 2.63611475e-02 -1.91927389e-01
1.13277798e-02 1.90914185e-01 -9.81541367e-01 7.74236225e-01
0.00000000e+00 0.00000000e+00 0.00000000e+00 1.00000000e+00
-6.68768750e-02 9.96845250e-01 4.27437907e-02 -6.15748087e-02
9.94696188e-01 6.99655393e-02 -7.53944105e-02 1.99867353e-02
-7.81471524e-02 3.74749430e-02 -9.96237246e-01 3.53049594e-01
0.00000000e+00 0.00000000e+00 0.00000000e+00 1.00000000e+00
-6.69629894e-02 9.96820644e-01 4.31805663e-02 -6.15617034e-02
9.94828600e-01 7.00164531e-02 -7.35782136e-02 1.99727056e-02
-7.63676324e-02 3.80302452e-02 -9.96354197e-01 3.52849034e-01
0.00000000e+00 0.00000000e+00 0.00000000e+00 1.00000000e+00
-6.63630467e-02 9.96723314e-01 4.62447932e-02 -6.14115406e-02
9.95819155e-01 6.90760824e-02 -5.97721066e-02 1.10935803e-02
-6.27706614e-02 4.20847918e-02 -9.97140268e-01 3.48972126e-01
0.00000000e+00 0.00000000e+00 0.00000000e+00 1.00000000e+00
-6.63469842e-02 9.96741326e-01 4.58781720e-02 -6.14272660e-02
9.95753150e-01 6.90822423e-02 -6.08548058e-02 1.10926160e-02
-6.38258668e-02 4.16458015e-02 -9.97091714e-01 3.49073010e-01
0.00000000e+00 0.00000000e+00 0.00000000e+00 1.00000000e+00
-6.56446558e-02 9.96830282e-01 4.49462733e-02 -6.15907183e-02
9.96449434e-01 6.78662222e-02 -4.98267177e-02 1.50495633e-02
-5.27191148e-02 4.15158309e-02 -9.97746025e-01 3.51026238e-01
0.00000000e+00 0.00000000e+00 0.00000000e+00 1.00000000e+00
-6.74135648e-02 9.96870268e-01 4.12926246e-02 -6.20766407e-02
9.97198491e-01 6.59757389e-02 3.52472779e-02 2.83968911e-02
3.24126520e-02 4.35530876e-02 -9.98525187e-01 3.62849224e-01
0.00000000e+00 0.00000000e+00 0.00000000e+00 1.00000000e+00
-7.09555015e-02 9.96507792e-01 4.40174726e-02 -6.31648797e-02
9.84570805e-01 6.28925701e-02 1.63293771e-01 3.73103277e-02
1.59955143e-01 5.49249098e-02 -9.85595052e-01 3.99529409e-01
0.00000000e+00 0.00000000e+00 0.00000000e+00 1.00000000e+00
-7.64044199e-02 9.96223082e-01 4.12545131e-02 -6.59701578e-02
9.16128794e-01 5.38109211e-02 3.97256111e-01 -7.34721939e-03
3.93535764e-01 6.81465701e-02 -9.16780043e-01 5.01363397e-01
0.00000000e+00 0.00000000e+00 0.00000000e+00 1.00000000e+00
-8.00793197e-02 9.95632991e-01 4.79817705e-02 -6.81730643e-02
8.32811742e-01 4.03774666e-02 5.52081754e-01 -1.39169909e-01
5.47733425e-01 8.41701131e-02 -8.32408245e-01 5.90944108e-01
0.00000000e+00 0.00000000e+00 0.00000000e+00 1.00000000e+00
-8.06550501e-02 9.95322015e-01 5.31869282e-02 -6.86232268e-02
8.01224897e-01 3.30005407e-02 5.97452617e-01 -2.21542891e-01
5.92902545e-01 9.08022618e-02 -8.00138439e-01 6.10604474e-01
0.00000000e+00 0.00000000e+00 0.00000000e+00 1.00000000e+00
-8.23372785e-02 9.94947688e-01 5.74427572e-02 -6.86159017e-02
7.77995405e-01 2.81469080e-02 6.27639149e-01 -2.94069996e-01
6.22851284e-01 9.63683005e-02 -7.76382270e-01 6.17581781e-01
0.00000000e+00 0.00000000e+00 0.00000000e+00 1.00000000e+00
-8.07312257e-02 9.95223117e-01 5.48945951e-02 -6.87449410e-02
7.78471445e-01 2.85628481e-02 6.27029803e-01 -2.94153132e-01
6.22466609e-01 9.33547592e-02 -7.77058691e-01 6.17838195e-01
0.00000000e+00 0.00000000e+00 0.00000000e+00 1.00000000e+00
-8.02931399e-02 9.95376112e-01 5.27200768e-02 -6.88411619e-02
7.78397720e-01 2.95773546e-02 6.27074293e-01 -2.94205519e-01
6.22615452e-01 9.13869516e-02 -7.77173356e-01 6.17901004e-01
0.00000000e+00 0.00000000e+00 0.00000000e+00 1.00000000e+00
-8.02427567e-02 9.95467651e-01 5.10416970e-02 -6.65124780e-02
7.89001262e-01 3.21406599e-02 6.13550312e-01 -2.97653661e-01
6.09128975e-01 8.95049318e-02 -7.88004289e-01 6.32262118e-01
0.00000000e+00 0.00000000e+00 0.00000000e+00 1.00000000e+00
-8.32558758e-02 9.95861758e-01 3.64392298e-02 -4.57240269e-02
8.32396399e-01 4.93927401e-02 5.51975174e-01 -3.21258080e-01
5.47891134e-01 7.62870602e-02 -8.33063977e-01 7.19302599e-01
0.00000000e+00 0.00000000e+00 0.00000000e+00 1.00000000e+00
-9.94050158e-02 9.94243647e-01 3.99776511e-02 -1.25066381e-02
8.81077149e-01 6.92778768e-02 4.67871385e-01 -3.50146405e-01
4.62408586e-01 8.17321574e-02 -8.82891927e-01 8.19352501e-01
0.00000000e+00 0.00000000e+00 0.00000000e+00 1.00000000e+00
-1.31667440e-01 9.88763713e-01 7.07813834e-02 4.16444683e-02
9.17036176e-01 9.43782010e-02 3.87475687e-01 -3.84871301e-01
3.76441679e-01 1.15927021e-01 -9.19158630e-01 9.30500436e-01
0.00000000e+00 0.00000000e+00 0.00000000e+00 1.00000000e+00
-1.55572608e-01 9.85171226e-01 7.23520475e-02 7.47258555e-02
9.17536913e-01 1.16980554e-01 3.80054685e-01 -4.01711197e-01
3.65955157e-01 1.25511773e-01 -9.22129936e-01 9.80715527e-01
0.00000000e+00 0.00000000e+00 0.00000000e+00 1.00000000e+00
-1.74565040e-01 9.82718985e-01 6.15665722e-02 1.00460146e-01
9.17761712e-01 1.39737468e-01 3.71734958e-01 -4.13951696e-01
3.56707844e-01 1.21395371e-01 -9.26295136e-01 1.01646704e+00
0.00000000e+00 0.00000000e+00 0.00000000e+00 1.00000000e+00
-1.77184888e-01 9.82215087e-01 6.21211648e-02 1.03705778e-01
9.17943249e-01 1.42166707e-01 3.70363091e-01 -4.15006622e-01
3.54944654e-01 1.22646446e-01 -9.26807500e-01 1.01974656e+00
0.00000000e+00 0.00000000e+00 0.00000000e+00 1.00000000e+00
-1.77186683e-01 9.82417008e-01 5.88362325e-02 1.03818936e-01
9.20944902e-01 1.44423228e-01 3.61942562e-01 -4.15629555e-01
3.47081210e-01 1.18316330e-01 -9.30341808e-01 1.02158926e+00
0.00000000e+00 0.00000000e+00 0.00000000e+00 1.00000000e+00
-1.76839220e-01 9.82474961e-01 5.89138401e-02 1.03995524e-01
9.19461105e-01 1.43547635e-01 3.66040097e-01 -4.15530046e-01
3.51168288e-01 1.18899230e-01 -9.28732365e-01 1.02200950e+00
0.00000000e+00 0.00000000e+00 0.00000000e+00 1.00000000e+00
-1.76905643e-01 9.82561404e-01 5.72492812e-02 1.03888801e-01
9.18971087e-01 1.44069375e-01 3.67064240e-01 -4.15442879e-01
3.52415287e-01 1.17546170e-01 -9.28432207e-01 1.02165053e+00
0.00000000e+00 0.00000000e+00 0.00000000e+00 1.00000000e+00
-1.15818948e-01 9.33500032e-01 -3.39357718e-01 8.76642839e-02
9.51042776e-01 2.02782652e-01 2.33231290e-01 -4.24860378e-01
2.86537275e-01 -2.95731103e-01 -9.11284536e-01 1.05186339e+00
0.00000000e+00 0.00000000e+00 0.00000000e+00 1.00000000e+00
-4.90744885e-02 9.40043345e-01 -3.37505857e-01 5.90214206e-02
9.59608489e-01 1.38099183e-01 2.45112553e-01 -4.23842687e-01
2.77025707e-01 -3.11844713e-01 -9.08850721e-01 1.03236574e+00
0.00000000e+00 0.00000000e+00 0.00000000e+00 1.00000000e+00
-2.72460420e-02 8.68509417e-01 -4.94923273e-01 -6.69948802e-02
8.92371565e-01 2.44250067e-01 3.79492945e-01 -2.79240298e-01
4.50478239e-01 -4.31315774e-01 -7.81687955e-01 5.60845320e-01
0.00000000e+00 0.00000000e+00 0.00000000e+00 1.00000000e+00
-9.42225252e-02 8.49471094e-01 -5.19154096e-01 -2.61177183e-02
9.10715790e-01 2.84190176e-01 2.99721026e-01 -2.26066259e-01
4.02142842e-01 -4.44561361e-01 -8.00403855e-01 5.20843070e-01
0.00000000e+00 0.00000000e+00 0.00000000e+00 1.00000000e+00
-1.44852901e-01 8.36835250e-01 -5.27943560e-01 9.21250374e-03
9.25187534e-01 3.03713350e-01 2.27565877e-01 -1.80899375e-01
3.50778655e-01 -4.55483222e-01 -8.18223300e-01 4.96724844e-01
0.00000000e+00 0.00000000e+00 0.00000000e+00 1.00000000e+00
-1.61375455e-01 8.37175158e-01 -5.22585608e-01 1.89004834e-02
9.29753310e-01 3.06532865e-01 2.03951917e-01 -1.69123977e-01
3.30933142e-01 -4.52962865e-01 -8.27833255e-01 4.92956955e-01
0.00000000e+00 0.00000000e+00 0.00000000e+00 1.00000000e+00
-1.61135027e-01 8.37126461e-01 -5.22737785e-01 1.88830725e-02
9.29631737e-01 3.06589706e-01 2.04420119e-01 -1.69084716e-01
3.31391515e-01 -4.53014394e-01 -8.27621667e-01 4.92938893e-01
0.00000000e+00 0.00000000e+00 0.00000000e+00 1.00000000e+00
-1.80777709e-01 8.35078837e-01 -5.19579403e-01 2.06327331e-02
9.34842006e-01 3.10041669e-01 1.73045043e-01 -1.55413311e-01
3.05597519e-01 -4.54441965e-01 -8.36715398e-01 5.11204687e-01
0.00000000e+00 0.00000000e+00 0.00000000e+00 1.00000000e+00
-2.57049206e-01 8.35554157e-01 -4.85566635e-01 3.13474298e-02
9.41762171e-01 3.29308334e-01 6.81177961e-02 -1.00919254e-01
2.16817247e-01 -4.39778663e-01 -8.71541743e-01 5.75281443e-01
0.00000000e+00 0.00000000e+00 0.00000000e+00 1.00000000e+00
-3.81553690e-01 8.03714948e-01 -4.56573175e-01 6.40390392e-02
9.17767604e-01 3.88225394e-01 -8.35683438e-02 -4.75869983e-03
1.10088173e-01 -4.50913879e-01 -8.85752374e-01 6.47048034e-01
0.00000000e+00 0.00000000e+00 0.00000000e+00 1.00000000e+00
-5.29346849e-01 7.40032879e-01 -4.14901496e-01 1.63161618e-01
8.47140265e-01 4.87739285e-01 -2.10864321e-01 1.02898298e-01
4.63172284e-02 -4.63100127e-01 -8.85094903e-01 6.91097422e-01
0.00000000e+00 0.00000000e+00 0.00000000e+00 1.00000000e+00
-5.25850497e-01 7.99970242e-01 -2.89013610e-01 2.84813869e-01
8.48972726e-01 5.14490436e-01 -1.20602250e-01 7.66993563e-02
5.22165270e-02 -3.08783425e-01 -9.49697968e-01 6.51052555e-01
0.00000000e+00 0.00000000e+00 0.00000000e+00 1.00000000e+00
-2.92456888e-01 9.08631177e-01 -2.98091183e-01 2.36742504e-01
9.46023772e-01 3.20433778e-01 4.85923535e-02 -5.00420151e-02
1.39671011e-01 -2.67790177e-01 -9.53299759e-01 6.19007898e-01
0.00000000e+00 0.00000000e+00 0.00000000e+00 1.00000000e+00
-1.20133210e-01 9.63929100e-01 -2.37505162e-01 8.65843080e-02
9.92330167e-01 1.23615476e-01 -2.32644437e-04 -1.11882604e-01
2.91350608e-02 -2.35711486e-01 -9.71386249e-01 6.36620901e-01
0.00000000e+00 0.00000000e+00 0.00000000e+00 1.00000000e+00
-2.22681188e-02 9.97350047e-01 -6.92604855e-02 -1.30024886e-02
9.99243702e-01 2.44122461e-02 3.02665704e-02 -1.17361992e-01
3.18771694e-02 -6.85341244e-02 -9.97139368e-01 6.33041921e-01
0.00000000e+00 0.00000000e+00 0.00000000e+00 1.00000000e+00
2.76097711e-02 9.99129374e-01 3.12761031e-02 -6.98314474e-02
9.99605066e-01 -2.77597501e-02 4.37121763e-03 -1.12996234e-01
5.23562874e-03 3.11430628e-02 -9.99501225e-01 6.26514148e-01
0.00000000e+00 0.00000000e+00 0.00000000e+00 1.00000000e+00
2.77590564e-02 9.99073466e-01 3.28883546e-02 -6.97838109e-02
9.99605497e-01 -2.78845161e-02 3.36212376e-03 -1.12970134e-01
4.27608449e-03 3.27820507e-02 -9.99453377e-01 6.26247564e-01
0.00000000e+00 0.00000000e+00 0.00000000e+00 1.00000000e+00
3.34448719e-02 9.98992593e-01 2.99205613e-02 -6.77267352e-02
9.99273032e-01 -3.28761530e-02 -1.93019515e-02 -1.17533590e-01
-1.82988337e-02 3.05443614e-02 -9.99365896e-01 6.26000444e-01
0.00000000e+00 0.00000000e+00 0.00000000e+00 1.00000000e+00
1.41125245e-01 9.84957774e-01 -9.97088224e-02 -3.28153847e-02
9.69130206e-01 -1.16881747e-01 2.17083625e-01 -2.14671468e-01
2.02164063e-01 -1.27266811e-01 -9.71047296e-01 5.66273530e-01
0.00000000e+00 0.00000000e+00 0.00000000e+00 1.00000000e+00
-3.94003456e-02 9.98188592e-01 4.54658869e-02 -5.71238795e-02
8.77954076e-01 1.28562721e-02 4.78572207e-01 -1.13470195e-01
4.77120795e-01 5.87728710e-02 -8.76870285e-01 3.00857263e-01
0.00000000e+00 0.00000000e+00 0.00000000e+00 1.00000000e+00
1.21610331e-02 9.98890323e-01 -4.54997983e-02 -3.54513786e-02
8.59604443e-01 1.28018103e-02 5.10799682e-01 -1.20744994e-01
5.10815339e-01 -4.53236806e-02 -8.58494877e-01 2.98749226e-01
0.00000000e+00 0.00000000e+00 0.00000000e+00 1.00000000e+00
-1.60579161e-01 -9.86411784e-01 3.47293199e-02 -1.53459108e-01
-6.27937665e-01 1.29243153e-01 7.67457162e-01 -5.82764624e-02
-7.61517315e-01 1.01429779e-01 -6.40158870e-01 8.33695757e-01
0.00000000e+00 0.00000000e+00 0.00000000e+00 1.00000000e+00
-1.77753600e-01 -9.84067622e-01 -3.81752008e-03 -1.02216465e-01
-6.39856992e-01 1.12629273e-01 7.60195814e-01 -6.11782442e-02
-7.47654123e-01 1.37570209e-01 -6.49682807e-01 8.57554017e-01
0.00000000e+00 0.00000000e+00 0.00000000e+00 1.00000000e+00
-1.77263847e-01 -9.84157366e-01 -3.43628808e-03 -1.02434358e-01
-6.40953075e-01 1.12795799e-01 7.59247169e-01 -6.12797705e-02
-7.46831094e-01 1.36789574e-01 -6.50793307e-01 8.58603503e-01
0.00000000e+00 0.00000000e+00 0.00000000e+00 1.00000000e+00
-1.76879797e-01 -9.84225996e-01 -3.56747779e-03 -1.02055837e-01
-6.40627742e-01 1.12376941e-01 7.59583781e-01 -6.12124694e-02
-7.47201201e-01 1.36640450e-01 -6.50399687e-01 8.58195110e-01
0.00000000e+00 0.00000000e+00 0.00000000e+00 1.00000000e+00
7.54189459e-01 6.55975633e-01 -2.99036572e-02 -4.52494542e-01
5.85163354e-01 -6.50716031e-01 4.83893063e-01 -1.01698529e-01
2.97963269e-01 -3.82445571e-01 -8.74616073e-01 9.62309224e-01
0.00000000e+00 0.00000000e+00 0.00000000e+00 1.00000000e+00
7.54597590e-01 6.55756618e-01 -2.37851670e-02 -4.53255518e-01
5.80856204e-01 -6.50666512e-01 4.89120803e-01 -1.01515306e-01
3.05267992e-01 -3.82905141e-01 -8.71891682e-01 9.61604468e-01
0.00000000e+00 0.00000000e+00 0.00000000e+00 1.00000000e+00
7.55112959e-01 6.55011879e-01 -2.76379734e-02 -4.53122575e-01
5.81690465e-01 -6.49949681e-01 4.89082421e-01 -1.01638752e-01
3.02391503e-01 -3.85389220e-01 -8.71799592e-01 9.62380327e-01
0.00000000e+00 0.00000000e+00 0.00000000e+00 1.00000000e+00
7.54814828e-01 6.55427374e-01 -2.58753209e-02 -4.53070638e-01
5.81790084e-01 -6.50749829e-01 4.87898513e-01 -1.01482917e-01
3.02943681e-01 -3.83327038e-01 -8.72516767e-01 9.61798689e-01
0.00000000e+00 0.00000000e+00 0.00000000e+00 1.00000000e+00
7.09206572e-01 7.04819659e-01 1.59777092e-02 -5.04410464e-01
6.06188321e-01 -6.21219119e-01 4.96611040e-01 -1.14706150e-01
3.59946883e-01 -3.42514313e-01 -8.67826127e-01 9.05255765e-01
0.00000000e+00 0.00000000e+00 0.00000000e+00 1.00000000e+00
5.99065013e-01 7.98245663e-01 6.26495891e-02 -5.58746809e-01
6.66579003e-01 -5.40539096e-01 5.13312691e-01 -1.38746826e-01
4.43614181e-01 -2.65746773e-01 -8.55911859e-01 7.96215854e-01
0.00000000e+00 0.00000000e+00 0.00000000e+00 1.00000000e+00
3.23501094e-01 9.45370898e-01 4.02605058e-02 -5.28381445e-01
8.08273302e-01 -2.98208689e-01 5.07706457e-01 -1.83969219e-01
4.91976942e-01 -1.31702102e-01 -8.60588894e-01 6.11837281e-01
0.00000000e+00 0.00000000e+00 0.00000000e+00 1.00000000e+00
-3.81339199e-01 9.08681912e-01 -1.69934100e-01 -1.30791154e-01
9.24420167e-01 3.73786838e-01 -7.57017452e-02 -4.23568163e-02
-5.26967653e-03 -1.85958552e-01 -9.82543458e-01 5.72362412e-01
0.00000000e+00 0.00000000e+00 0.00000000e+00 1.00000000e+00
-4.68824287e-01 8.56643681e-01 -2.15326243e-01 -6.56882883e-02
8.74301936e-01 4.15362090e-01 -2.51138326e-01 4.42229088e-02
-1.25697702e-01 -3.05999897e-01 -9.43697065e-01 5.81813975e-01
0.00000000e+00 0.00000000e+00 0.00000000e+00 1.00000000e+00
-5.19014746e-01 8.21522820e-01 -2.36059209e-01 -2.88705678e-02
8.34817995e-01 4.27874654e-01 -3.46413332e-01 1.07440120e-01
-1.83582705e-01 -3.76860103e-01 -9.07895288e-01 5.81776207e-01
0.00000000e+00 0.00000000e+00 0.00000000e+00 1.00000000e+00
-6.89471837e-02 9.96627805e-01 4.44893702e-02 -5.39170348e-02
9.04745072e-01 4.36763944e-02 4.23708305e-01 -8.55964840e-02
4.20336342e-01 6.94650327e-02 -9.04705460e-01 3.34936831e-01
0.00000000e+00 0.00000000e+00 0.00000000e+00 1.00000000e+00
-6.90617236e-02 9.96612894e-01 4.46454585e-02 -5.39167897e-02
9.04588139e-01 4.36888471e-02 4.24041959e-01 -8.55868126e-02
4.20655176e-01 6.96708209e-02 -9.04541431e-01 3.34831949e-01
0.00000000e+00 0.00000000e+00 0.00000000e+00 1.00000000e+00
1.21692653e-01 9.82507781e-01 -1.40958711e-01 1.93628580e-02
9.03576976e-01 -5.08859274e-02 4.25393079e-01 -6.14919489e-02
4.10779195e-01 -1.79134258e-01 -8.93963853e-01 3.68521337e-01
0.00000000e+00 0.00000000e+00 0.00000000e+00 1.00000000e+00
-6.09225483e-02 9.87127253e-01 1.47879105e-01 -9.73617336e-02
9.30682679e-01 2.63666532e-03 3.65817986e-01 -1.16836818e-01
3.60718996e-01 1.59915085e-01 -9.18862869e-01 2.82779774e-01
0.00000000e+00 0.00000000e+00 0.00000000e+00 1.00000000e+00
-7.18541505e-02 9.89445709e-01 1.25833902e-01 -8.89584033e-02
9.37715158e-01 2.40215504e-02 3.46573582e-01 -1.11723492e-01
3.39893018e-01 1.42899108e-01 -9.29544287e-01 2.91347340e-01
0.00000000e+00 0.00000000e+00 0.00000000e+00 1.00000000e+00
-1.55228161e-01 9.87812130e-01 1.14635756e-02 -4.60010133e-02
9.31916581e-01 1.42574589e-01 3.33472598e-01 -8.19023698e-02
3.27773863e-01 6.24474342e-02 -9.42690094e-01 3.33768720e-01
0.00000000e+00 0.00000000e+00 0.00000000e+00 1.00000000e+00
-3.14579812e-01 9.38881384e-01 -1.39790163e-01 4.61469774e-03
8.91005740e-01 3.42847961e-01 2.97597123e-01 -2.93218162e-02
3.27335171e-01 -3.09357906e-02 -9.44401749e-01 4.11327394e-01
0.00000000e+00 0.00000000e+00 0.00000000e+00 1.00000000e+00
-4.08267392e-01 9.05276710e-01 -1.17438555e-01 -1.41247301e-02
8.55661239e-01 4.24328520e-01 2.96292339e-01 3.16232885e-03
3.18059082e-01 2.04788814e-02 -9.47849691e-01 5.51197583e-01
0.00000000e+00 0.00000000e+00 0.00000000e+00 1.00000000e+00
-2.67040359e-01 9.63680391e-01 3.09029635e-03 -6.79221082e-02
9.50046973e-01 2.62722177e-01 1.68486813e-01 7.95946709e-02
1.61555548e-01 4.79287057e-02 -9.85699064e-01 6.81555011e-01
0.00000000e+00 0.00000000e+00 0.00000000e+00 1.00000000e+00
-1.32662908e-01 9.90573375e-01 3.41312396e-02 -7.18113438e-02
9.91158229e-01 1.32668342e-01 2.11555473e-03 1.81537549e-01
-2.43252277e-03 3.41101147e-02 -9.99415120e-01 7.34068655e-01
0.00000000e+00 0.00000000e+00 0.00000000e+00 1.00000000e+00
