-6.18006079e-02 9.95217965e-01 7.56431508e-02 -7.41553819e-02
9.94958932e-01 5.54326497e-02 8.35699984e-02 -1.55859295e-01
7.89772635e-02 8.04265052e-02 -9.93626776e-01 6.36270555e-01
0.00000000e+00 0.00000000e+00 0.00000000e+00 1.00000000e+00
-6.20832995e-02 9.95468215e-01 7.20326148e-02 -7.41729883e-02
9.94849788e-01 5.59278125e-02 8.45338975e-02 -1.55910624e-01
8.01221814e-02 7.69097748e-02 -9.93813525e-01 6.36653061e-01
0.00000000e+00 0.00000000e+00 0.00000000e+00 1.00000000e+00
-8.22199372e-02 9.95687024e-01 -4.29794305e-02 -7.81055718e-02
9.92880509e-01 8.55651787e-02 8.28667358e-02 -1.58429332e-01
8.61868763e-02 -3.58601410e-02 -9.95633403e-01 6.46205043e-01
0.00000000e+00 0.00000000e+00 0.00000000e+00 1.00000000e+00
-1.68250911e-01 9.43341538e-01 -2.86004149e-01 -9.09666733e-02
9.84052255e-01 1.77729217e-01 7.31340457e-03 -1.66433078e-01
5.77303318e-02 -2.80212541e-01 -9.58200470e-01 6.65582468e-01
0.00000000e+00 0.00000000e+00 0.00000000e+00 1.00000000e+00
-2.43460439e-01 8.36881849e-01 -4.90260935e-01 -9.81591289e-02
9.65173484e-01 2.58940132e-01 -3.72847656e-02 -1.75614249e-01
9.57452875e-02 -4.82264220e-01 -8.70777849e-01 6.87877370e-01
0.00000000e+00 0.00000000e+00 0.00000000e+00 1.00000000e+00
-2.98054047e-01 6.91512414e-01 -6.58007877e-01 -9.88659481e-02
9.42349267e-01 3.23020343e-01 -8.73825935e-02 -1.84458738e-01
1.52123782e-01 -6.46117976e-01 -7.47923737e-01 7.09491500e-01
0.00000000e+00 0.00000000e+00 0.00000000e+00 1.00000000e+00
-2.97747290e-01 6.91722417e-01 -6.57926021e-01 -9.89674751e-02
9.42386928e-01 3.23060650e-01 -8.68256589e-02 -1.84496842e-01
1.52490753e-01 -6.45872986e-01 -7.48060596e-01 7.09621615e-01
0.00000000e+00 0.00000000e+00 0.00000000e+00 1.00000000e+00
-2.97687642e-01 6.91577098e-01 -6.58105755e-01 -9.89606811e-02
9.42418845e-01 3.22939592e-01 -8.69295204e-02 -1.84469348e-01
1.52409938e-01 -6.46089109e-01 -7.47890416e-01 7.09595112e-01
0.00000000e+00 0.00000000e+00 0.00000000e+00 1.00000000e+00
-2.97718905e-01 6.91324827e-01 -6.58356618e-01 -9.89331124e-02
9.42326861e-01 3.23278192e-01 -8.66677407e-02 -1.84488684e-01
1.52916776e-01 -6.46189750e-01 -7.47699984e-01 7.09545306e-01
0.00000000e+00 0.00000000e+00 0.00000000e+00 1.00000000e+00
-2.97799748e-01 6.91751428e-01 -6.57871775e-01 -9.89684707e-02
9.42383645e-01 3.23049044e-01 -8.69044342e-02 -1.84473025e-01
1.52408582e-01 -6.45847720e-01 -7.48099156e-01 7.09629812e-01
0.00000000e+00 0.00000000e+00 0.00000000e+00 1.00000000e+00
-2.97750224e-01 6.91632287e-01 -6.58019440e-01 -9.89632405e-02
9.42403455e-01 3.22977070e-01 -8.69571129e-02 -1.84484922e-01
1.52382844e-01 -6.46011294e-01 -7.47963152e-01 7.09764244e-01
0.00000000e+00 0.00000000e+00 0.00000000e+00 1.00000000e+00
-2.97460259e-01 6.91605168e-01 -6.58179068e-01 -9.89776650e-02
9.42404025e-01 3.23132665e-01 -8.63709085e-02 -1.84509098e-01
1.52944590e-01 -6.45962516e-01 -7.47890621e-01 7.09668059e-01
0.00000000e+00 0.00000000e+00 0.00000000e+00 1.00000000e+00
-2.97806445e-01 6.91677462e-01 -6.57946510e-01 -9.89482408e-02
9.42401350e-01 3.22960450e-01 -8.70416217e-02 -1.84454301e-01
1.52285973e-01 -6.45971235e-01 -7.48017477e-01 7.09484291e-01
0.00000000e+00 0.00000000e+00 0.00000000e+00 1.00000000e+00
-2.46829178e-01 8.27450444e-01 -5.04381919e-01 -9.87066924e-02
9.63550437e-01 2.64979941e-01 -3.68264437e-02 -1.76481563e-01
1.03179034e-01 -4.95087259e-01 -8.62695017e-01 6.89752985e-01
0.00000000e+00 0.00000000e+00 0.00000000e+00 1.00000000e+00
-1.72242238e-01 9.37974205e-01 -3.00893673e-01 -9.18726978e-02
9.82883773e-01 1.83916630e-01 1.06846842e-02 -1.67093318e-01
6.53613084e-02 -2.93903155e-01 -9.53597837e-01 6.67051551e-01
0.00000000e+00 0.00000000e+00 0.00000000e+00 1.00000000e+00
-8.03270933e-02 9.96493876e-01 -2.33990097e-02 -7.80384132e-02
9.92467902e-01 8.21367821e-02 9.08901086e-02 -1.58050737e-01
9.24933560e-02 -1.59218279e-02 -9.95585996e-01 6.44406438e-01
0.00000000e+00 0.00000000e+00 0.00000000e+00 1.00000000e+00
-6.19310741e-02 9.95253603e-01 7.50653631e-02 -7.41054737e-02
9.94942055e-01 5.56018861e-02 8.36584596e-02 -1.55779016e-01
7.90876075e-02 7.98667449e-02 -9.93663149e-01 6.36337625e-01
0.00000000e+00 0.00000000e+00 0.00000000e+00 1.00000000e+00
-6.20687382e-02 9.95288101e-01 7.44920606e-02 -7.40917598e-02
9.94792410e-01 5.56468167e-02 8.53902421e-02 -1.55788464e-01
8.08426459e-02 7.94042011e-02 -9.93558976e-01 6.36343554e-01
0.00000000e+00 0.00000000e+00 0.00000000e+00 1.00000000e+00
-6.19452403e-02 9.95255447e-01 7.50292042e-02 -7.40774605e-02
9.94939390e-01 5.56171970e-02 8.36799665e-02 -1.55778776e-01
7.91100284e-02 7.98330863e-02 -9.93664069e-01 6.36379972e-01
0.00000000e+00 0.00000000e+00 0.00000000e+00 1.00000000e+00
-6.21364449e-02 9.95471060e-01 7.19474108e-02 -7.40883278e-02
9.94874274e-01 5.60145588e-02 8.41875776e-02 -1.55834660e-01
7.97761947e-02 7.68097449e-02 -9.93849094e-01 6.36716519e-01
0.00000000e+00 0.00000000e+00 0.00000000e+00 1.00000000e+00
-6.22178190e-02 9.95620452e-01 6.97772067e-02 -7.40988388e-02
9.94883282e-01 5.62920038e-02 8.38955583e-02 -1.55808753e-01
7.96002348e-02 7.46399751e-02 -9.94028509e-01 6.37039441e-01
0.00000000e+00 0.00000000e+00 0.00000000e+00 1.00000000e+00
-6.22062107e-02 9.95609062e-01 6.99498671e-02 -7.40958568e-02
9.94908042e-01 5.62885475e-02 8.36037510e-02 -1.55808963e-01
7.92992757e-02 7.47943579e-02 -9.94040959e-01 6.37013282e-01
0.00000000e+00 0.00000000e+00 0.00000000e+00 1.00000000e+00
-6.22956221e-02 9.95695198e-01 6.86318256e-02 -7.41066920e-02
9.94819565e-01 5.64116855e-02 8.45680459e-02 -1.55815941e-01
8.03323603e-02 7.35445019e-02 -9.94051265e-01 6.37123626e-01
0.00000000e+00 0.00000000e+00 0.00000000e+00 1.00000000e+00
-6.23400819e-02 9.95595838e-01 7.00188607e-02 -7.40892458e-02
9.94884506e-01 5.64014787e-02 8.38074776e-02 -1.55806255e-01
7.94892086e-02 7.48852446e-02 -9.94018946e-01 6.36970176e-01
0.00000000e+00 0.00000000e+00 0.00000000e+00 1.00000000e+00
-6.24201131e-02 9.95792909e-01 6.70836129e-02 -7.38232235e-02
9.94260678e-01 5.61909734e-02 9.10399838e-02 -1.60546290e-01
8.68874769e-02 7.23813245e-02 -9.93585180e-01 6.29685273e-01
0.00000000e+00 0.00000000e+00 0.00000000e+00 1.00000000e+00
-6.38482033e-02 9.94083244e-01 8.78744043e-02 -7.22817692e-02
9.88093579e-01 5.06203963e-02 1.45288177e-01 -1.76882977e-01
1.39980305e-01 9.61045237e-02 -9.85479292e-01 5.89056069e-01
0.00000000e+00 0.00000000e+00 0.00000000e+00 1.00000000e+00
-6.60857117e-02 9.92574780e-01 1.02117507e-01 -6.98582168e-02
9.78275463e-01 4.42979999e-02 2.02521126e-01 -1.89378964e-01
1.96493761e-01 1.13282805e-01 -9.73939017e-01 5.29612286e-01
0.00000000e+00 0.00000000e+00 0.00000000e+00 1.00000000e+00
-7.03957696e-02 9.92808872e-01 9.68244813e-02 -6.57358242e-02
9.67347388e-01 4.42517458e-02 2.49561244e-01 -1.83588414e-01
2.43481964e-01 1.11230965e-01 -9.63506204e-01 4.29724811e-01
0.00000000e+00 0.00000000e+00 0.00000000e+00 1.00000000e+00
-7.31641648e-02 9.94576557e-01 7.39221075e-02 -6.28050361e-02
9.59008881e-01 4.98136852e-02 2.78963371e-01 -1.57009392e-01
2.73768097e-01 9.13020797e-02 -9.57452328e-01 3.60021048e-01
0.00000000e+00 0.00000000e+00 0.00000000e+00 1.00000000e+00
-7.26776413e-02 9.95960130e-01 5.27387807e-02 -6.13004189e-02
9.44789171e-01 5.18103558e-02 3.23556963e-01 -1.30104396e-01
3.19517420e-01 7.33423858e-02 -9.44737801e-01 3.16811445e-01
0.00000000e+00 0.00000000e+00 0.00000000e+00 1.00000000e+00
-7.63500618e-02 9.95396044e-01 5.79429262e-02 -6.00853946e-02
9.39005210e-01 5.22380922e-02 3.39912338e-01 -1.13521474e-01
3.35320568e-01 8.03610376e-02 -9.38670453e-01 2.94903858e-01
0.00000000e+00 0.00000000e+00 0.00000000e+00 1.00000000e+00
-7.63061926e-02 9.95403041e-01 5.78804883e-02 -6.00897052e-02
9.38953435e-01 5.22050842e-02 3.40060401e-01 -1.13516322e-01
3.35475501e-01 8.02957978e-02 -9.38620676e-01 2.94912199e-01
0.00000000e+00 0.00000000e+00 0.00000000e+00 1.00000000e+00
-7.63724391e-02 9.95380705e-01 5.81764833e-02 -6.00860522e-02
9.38939513e-01 5.21639397e-02 3.40105153e-01 -1.13516607e-01
3.35499392e-01 8.05988590e-02 -9.38586161e-01 2.94879677e-01
0.00000000e+00 0.00000000e+00 0.00000000e+00 1.00000000e+00
-7.62236503e-02 9.97004184e-01 1.31382194e-02 -7.49117902e-02
9.51989904e-01 6.88514613e-02 2.98286271e-01 -1.36846432e-01
2.96488075e-01 3.52439206e-02 -9.54386027e-01 3.23235363e-01
0.00000000e+00 0.00000000e+00 0.00000000e+00 1.00000000e+00
-8.12766633e-02 9.91436293e-01 -1.02216343e-01 -9.57088152e-02
9.59479673e-01 1.05591129e-01 2.61245613e-01 -1.72692282e-01
2.69801521e-01 -7.68413311e-02 -9.59845065e-01 3.71076920e-01
0.00000000e+00 0.00000000e+00 0.00000000e+00 1.00000000e+00
-1.09253128e-01 9.71932553e-01 -2.08352747e-01 -1.15293028e-01
9.68802716e-01 1.51025170e-01 1.96501136e-01 -2.19587911e-01
2.22452359e-01 -1.80384344e-01 -9.58110869e-01 4.58660426e-01
0.00000000e+00 0.00000000e+00 0.00000000e+00 1.00000000e+00
-1.90734388e-01 9.14620918e-01 -3.56495399e-01 -1.06970703e-01
9.77192785e-01 2.11442828e-01 1.96517704e-02 -2.47377113e-01
9.33523155e-02 -3.44616464e-01 -9.34090380e-01 5.91826211e-01
0.00000000e+00 0.00000000e+00 0.00000000e+00 1.00000000e+00
-2.65776382e-01 8.64021850e-01 -4.27585263e-01 -8.65343886e-02
9.63950978e-01 2.44028535e-01 -1.06059355e-01 -2.40735481e-01
1.27054046e-02 -4.40359304e-01 -8.97731729e-01 6.69421744e-01
0.00000000e+00 0.00000000e+00 0.00000000e+00 1.00000000e+00
-3.11978905e-01 8.32642895e-01 -4.57575101e-01 -7.31883172e-02
9.49702881e-01 2.59572435e-01 -1.75175881e-01 -2.30275472e-01
-2.70850700e-02 -4.89211571e-01 -8.71744480e-01 7.06609279e-01
0.00000000e+00 0.00000000e+00 0.00000000e+00 1.00000000e+00
-3.41445817e-01 8.13509813e-01 -4.70761657e-01 -6.51581857e-02
9.38564516e-01 2.68404970e-01 -2.16922616e-01 -2.22292907e-01
-5.01139086e-02 -5.15907507e-01 -8.55177198e-01 7.27160458e-01
0.00000000e+00 0.00000000e+00 0.00000000e+00 1.00000000e+00
-3.41711919e-01 8.13292087e-01 -4.70944738e-01 -6.50332606e-02
9.38440599e-01 2.68292902e-01 -2.17596324e-01 -2.22236635e-01
-5.06182382e-02 -5.16308919e-01 -8.54905196e-01 7.27122322e-01
0.00000000e+00 0.00000000e+00 0.00000000e+00 1.00000000e+00
-3.41657421e-01 8.13420359e-01 -4.70762708e-01 -6.50621936e-02
9.38487852e-01 2.68578587e-01 -2.17039384e-01 -2.22265383e-01
-5.01074709e-02 -5.15958198e-01 -8.55146993e-01 7.27119390e-01
0.00000000e+00 0.00000000e+00 0.00000000e+00 1.00000000e+00
-3.41932982e-01 8.22263360e-01 -4.54933845e-01 -6.54877705e-02
9.39173441e-01 2.82443319e-01 -1.95394524e-01 -2.21788080e-01
-3.21727321e-02 -4.94073617e-01 -8.68824595e-01 7.22458236e-01
0.00000000e+00 0.00000000e+00 0.00000000e+00 1.00000000e+00
-3.59301344e-01 8.53664163e-01 -3.77041166e-01 -6.54476338e-02
9.32057562e-01 3.48433982e-01 -9.93099274e-02 -2.19923518e-01
4.65966287e-02 -3.87106260e-01 -9.20856937e-01 7.03778591e-01
0.00000000e+00 0.00000000e+00 0.00000000e+00 1.00000000e+00
-4.12501146e-01 8.69546166e-01 -2.71536867e-01 -6.07526553e-02
9.01587104e-01 4.32342215e-01 1.48628138e-02 -2.16144944e-01
1.30320753e-01 -2.38683209e-01 -9.62313269e-01 6.80904645e-01
0.00000000e+00 0.00000000e+00 0.00000000e+00 1.00000000e+00
-5.82663238e-01 8.12493191e-01 -1.89305761e-02 -3.98139498e-02
7.97238032e-01 5.75937079e-01 1.80853534e-01 -2.08845484e-01
1.57845086e-01 9.02845304e-02 -9.83327836e-01 6.48441183e-01
0.00000000e+00 0.00000000e+00 0.00000000e+00 1.00000000e+00
-7.86217467e-01 5.82655523e-01 2.05851006e-01 2.82583229e-04
6.17751550e-01 7.32634633e-01 2.85708796e-01 -2.04036494e-01
1.56562319e-02 3.51794024e-01 -9.35946498e-01 6.18159783e-01
0.00000000e+00 0.00000000e+00 0.00000000e+00 1.00000000e+00
-8.64906919e-01 3.99669343e-01 3.03645251e-01 3.26389784e-02
4.69114247e-01 8.58818587e-01 2.05821422e-01 -2.14740161e-01
-1.78515672e-01 3.20460685e-01 -9.30288721e-01 6.21420450e-01
0.00000000e+00 0.00000000e+00 0.00000000e+00 1.00000000e+00
-8.60967782e-01 3.51695075e-01 3.67484766e-01 4.65787295e-02
4.08517203e-01 9.08537132e-01 8.76012242e-02 -2.27979815e-01
-3.03064637e-01 2.25545681e-01 -9.25894687e-01 6.31409097e-01
0.00000000e+00 0.00000000e+00 0.00000000e+00 1.00000000e+00
-8.47413122e-01 3.54951683e-01 3.94842124e-01 5.05470838e-02
3.92304545e-01 9.19710223e-01 1.51739844e-02 -2.35891983e-01
-3.57754307e-01 1.67756993e-01 -9.18623670e-01 6.37881022e-01
0.00000000e+00 0.00000000e+00 0.00000000e+00 1.00000000e+00
-8.34439966e-01 3.67954665e-01 4.10267361e-01 5.20132021e-02
3.86815519e-01 9.21308669e-01 -3.95485856e-02 -2.41803135e-01
-3.92534963e-01 1.25696862e-01 -9.11107349e-01 6.42667348e-01
0.00000000e+00 0.00000000e+00 0.00000000e+00 1.00000000e+00
-8.34360276e-01 3.67974340e-01 4.10411764e-01 5.19889843e-02
3.86693939e-01 9.21343166e-01 -3.99320458e-02 -2.41775820e-01
-3.92824042e-01 1.25386029e-01 -9.11025585e-01 6.42634336e-01
0.00000000e+00 0.00000000e+00 0.00000000e+00 1.00000000e+00
-8.34495788e-01 3.67766569e-01 4.10322472e-01 5.20588186e-02
3.86636143e-01 9.21385943e-01 -3.95023789e-02 -2.41755267e-01
-3.92593012e-01 1.25680929e-01 -9.11084535e-01 6.42626576e-01
0.00000000e+00 0.00000000e+00 0.00000000e+00 1.00000000e+00
-8.34365253e-01 3.67771040e-01 4.10583836e-01 5.20450739e-02
3.86837003e-01 9.21317083e-01 -3.91403324e-02 -2.41762362e-01
-3.92672583e-01 1.26171687e-01 -9.10982408e-01 6.42612706e-01
0.00000000e+00 0.00000000e+00 0.00000000e+00 1.00000000e+00
-8.34205190e-01 3.67945579e-01 4.10752666e-01 5.20155933e-02
3.86857371e-01 9.21288894e-01 -3.95998603e-02 -2.41759483e-01
-3.92992463e-01 1.25868288e-01 -9.10886435e-01 6.42632985e-01
0.00000000e+00 0.00000000e+00 0.00000000e+00 1.00000000e+00
-8.33876752e-01 4.63953120e-01 2.98993420e-01 5.17003314e-03
5.08616699e-01 8.56300519e-01 8.97690102e-02 -2.60861924e-01
-2.14379609e-01 2.26929337e-01 -9.50023399e-01 6.06196232e-01
0.00000000e+00 0.00000000e+00 0.00000000e+00 1.00000000e+00
-7.46259676e-01 6.28562306e-01 2.19102539e-01 -7.58981105e-02
6.65403169e-01 6.95356866e-01 2.71509579e-01 -2.82028998e-01
1.83062322e-02 3.48408174e-01 -9.37164141e-01 5.73161940e-01
0.00000000e+00 0.00000000e+00 0.00000000e+00 1.00000000e+00
-3.54675570e-01 9.34133746e-01 3.99923094e-02 -2.35174972e-01
8.69421881e-01 3.13766266e-01 3.81649476e-01 -3.24630274e-01
3.43963417e-01 1.70131934e-01 -9.23441548e-01 6.47380218e-01
0.00000000e+00 0.00000000e+00 0.00000000e+00 1.00000000e+00
-1.90617883e-02 9.99623898e-01 1.97157610e-02 -2.80328251e-01
9.15648330e-01 9.53436323e-03 4.01867181e-01 -3.61233179e-01
4.01528061e-01 2.57130108e-02 -9.15485695e-01 8.18431623e-01
0.00000000e+00 0.00000000e+00 0.00000000e+00 1.00000000e+00
5.43137966e-02 9.44130433e-01 3.25065744e-01 -2.29826434e-01
9.87284118e-01 -9.94852473e-02 1.23986921e-01 -3.77752376e-01
1.49399072e-01 3.14198046e-01 -9.37528402e-01 9.35524359e-01
0.00000000e+00 0.00000000e+00 0.00000000e+00 1.00000000e+00
3.22317745e-02 9.41778434e-01 3.34685665e-01 -1.87776850e-01
9.98308190e-01 -4.65485990e-02 3.48423116e-02 -3.82598672e-01
4.83928865e-02 3.32996411e-01 -9.41685467e-01 9.94750955e-01
0.00000000e+00 0.00000000e+00 0.00000000e+00 1.00000000e+00
1.08984997e-02 9.43392887e-01 3.31498241e-01 -1.68291647e-01
9.99892836e-01 -1.35222649e-02 5.60931094e-03 -3.84239539e-01
9.77439106e-03 3.31401583e-01 -9.43439162e-01 1.02081696e+00
0.00000000e+00 0.00000000e+00 0.00000000e+00 1.00000000e+00
9.74190847e-03 9.43369512e-01 3.31600753e-01 -1.68175915e-01
9.99917500e-01 -1.19667149e-02 4.66805108e-03 -3.84659149e-01
8.37186875e-03 3.31527921e-01 -9.43408262e-01 1.02193973e+00
0.00000000e+00 0.00000000e+00 0.00000000e+00 1.00000000e+00
1.38988014e-02 9.42224622e-01 3.34693269e-01 -1.68317999e-01
9.99902509e-01 -1.26484645e-02 -5.91512261e-03 -3.84292932e-01
-1.34001824e-03 3.34742852e-01 -9.42308563e-01 1.02131405e+00
0.00000000e+00 0.00000000e+00 0.00000000e+00 1.00000000e+00
1.34215058e-02 9.41946557e-01 3.35494482e-01 -1.68164415e-01
9.99908396e-01 -1.32307414e-02 -2.85436889e-03 -3.84132765e-01
1.75017779e-03 3.35502060e-01 -9.42037847e-01 1.02070118e+00
0.00000000e+00 0.00000000e+00 0.00000000e+00 1.00000000e+00
1.16550973e-02 9.42736349e-01 3.33335168e-01 -1.68185493e-01
9.99904654e-01 -1.34569773e-02 3.09716959e-03 -3.84427090e-01
7.40549812e-03 3.33267288e-01 -9.42803306e-01 1.02175154e+00
0.00000000e+00 0.00000000e+00 0.00000000e+00 1.00000000e+00
-1.65220169e-02 9.43463596e-01 3.31064142e-01 -1.40771676e-01
9.99702027e-01 9.63705113e-03 2.24273362e-02 -3.89549635e-01
1.79688932e-02 3.31336038e-01 -9.43341692e-01 1.01534951e+00
0.00000000e+00 0.00000000e+00 0.00000000e+00 1.00000000e+00
-7.18016699e-02 9.43083411e-01 3.24712489e-01 -8.13496870e-02
9.95383343e-01 4.69632623e-02 8.37045498e-02 -3.94753349e-01
6.36908145e-02 3.29223530e-01 -9.42101559e-01 9.92021189e-01
0.00000000e+00 0.00000000e+00 0.00000000e+00 1.00000000e+00
-1.19197932e-01 9.51007097e-01 2.85267162e-01 3.69227155e-02
9.73524145e-01 5.55054946e-02 2.21742822e-01 -3.78427262e-01
1.95045103e-01 3.04145756e-01 -9.32444512e-01 9.09191416e-01
0.00000000e+00 0.00000000e+00 0.00000000e+00 1.00000000e+00
5.68653891e-02 9.79581447e-01 1.92838055e-01 1.02542422e-01
9.45870777e-01 -1.14676025e-01 3.03608107e-01 -2.98441632e-01
3.19522770e-01 1.65135088e-01 -9.33078562e-01 7.64321298e-01
0.00000000e+00 0.00000000e+00 0.00000000e+00 1.00000000e+00
3.84491362e-01 9.22091480e-01 4.37457974e-02 5.74174352e-02
8.82436596e-01 -3.81044530e-01 2.75881714e-01 -1.97240715e-01
2.71057275e-01 -6.74712435e-02 -9.60195597e-01 6.72242469e-01
0.00000000e+00 0.00000000e+00 0.00000000e+00 1.00000000e+00
5.46979806e-01 7.99883042e-01 -2.46982206e-01 5.83166402e-03
8.37070887e-01 -5.18639206e-01 1.74142770e-01 -1.41371963e-01
1.11991931e-02 -3.01994192e-01 -9.53243980e-01 6.75966570e-01
0.00000000e+00 0.00000000e+00 0.00000000e+00 1.00000000e+00
6.11010507e-01 7.33401465e-01 -2.97973910e-01 -2.55949948e-02
7.85648750e-01 -6.07956101e-01 1.14653480e-01 -1.09626737e-01
-9.70680266e-02 -3.04157311e-01 -9.47663510e-01 6.76564516e-01
0.00000000e+00 0.00000000e+00 0.00000000e+00 1.00000000e+00
6.25498833e-01 7.16579231e-01 -3.08650961e-01 -3.29898474e-02
7.71227829e-01 -6.27753476e-01 1.05514019e-01 -1.02507941e-01
-1.18147559e-01 -3.04039106e-01 -9.45304912e-01 6.79010166e-01
0.00000000e+00 0.00000000e+00 0.00000000e+00 1.00000000e+00
-7.67671805e-02 9.95541320e-01 5.48113054e-02 -6.00690211e-02
9.34521439e-01 5.26826532e-02 3.51986104e-01 -1.05997729e-01
3.47529106e-01 7.82433208e-02 -9.34399006e-01 2.92350827e-01
0.00000000e+00 0.00000000e+00 0.00000000e+00 1.00000000e+00
-7.67598046e-02 9.95563676e-01 5.44141432e-02 -6.00791351e-02
9.34391905e-01 5.27870452e-02 3.52314200e-01 -1.05997986e-01
3.47878859e-01 7.78877041e-02 -9.34298563e-01 2.92348652e-01
0.00000000e+00 0.00000000e+00 0.00000000e+00 1.00000000e+00
-7.66144473e-02 9.95619657e-01 5.35884716e-02 -6.00889393e-02
9.34373859e-01 5.29370815e-02 3.52339547e-01 -1.06018197e-01
3.47959362e-01 7.70659666e-02 -9.34336727e-01 2.92472065e-01
0.00000000e+00 0.00000000e+00 0.00000000e+00 1.00000000e+00
-7.61947886e-02 9.95642113e-01 5.37692994e-02 -5.99574593e-02
9.56287433e-01 5.77010363e-02 2.86679151e-01 -8.61426492e-02
2.82327291e-01 7.32623626e-02 -9.56516559e-01 3.47862557e-01
0.00000000e+00 0.00000000e+00 0.00000000e+00 1.00000000e+00
-7.42388313e-02 9.96003436e-01 4.96563260e-02 -5.96851502e-02
9.77898561e-01 6.29492213e-02 1.99378535e-01 -5.48157729e-02
1.95455879e-01 6.33604791e-02 -9.78663604e-01 4.25843731e-01
0.00000000e+00 0.00000000e+00 0.00000000e+00 1.00000000e+00
-7.10807813e-02 9.96261226e-01 4.91028800e-02 -5.88837719e-02
9.97178799e-01 6.97832653e-02 2.76539112e-02 2.72234932e-03
2.41239601e-02 5.09300125e-02 -9.98410821e-01 5.47393409e-01
0.00000000e+00 0.00000000e+00 0.00000000e+00 1.00000000e+00
-6.74042082e-02 9.92460264e-01 1.02368440e-01 -5.69874806e-02
9.80884103e-01 8.46889418e-02 -1.75197485e-01 7.08180031e-02
-1.82546017e-01 8.86025278e-02 -9.79196887e-01 6.50575583e-01
0.00000000e+00 0.00000000e+00 0.00000000e+00 1.00000000e+00
-6.41914022e-02 9.85968405e-01 1.54096620e-01 -5.54140333e-02
9.65708989e-01 1.00299198e-01 -2.39470705e-01 1.05998511e-01
-2.51566317e-01 1.33440530e-01 -9.58596898e-01 6.83304064e-01
0.00000000e+00 0.00000000e+00 0.00000000e+00 1.00000000e+00
-6.09200705e-02 9.82163077e-01 1.77888828e-01 -5.41419024e-02
9.51337479e-01 1.11068722e-01 -2.87438237e-01 1.37696815e-01
-3.02069108e-01 1.51721552e-01 -9.41134860e-01 7.06347102e-01
0.00000000e+00 0.00000000e+00 0.00000000e+00 1.00000000e+00
-6.06614005e-02 9.82095048e-01 1.78352213e-01 -5.38742444e-02
9.49370128e-01 1.11947552e-01 -2.93537230e-01 1.43396684e-01
-3.08247553e-01 1.51515884e-01 -9.39162597e-01 7.10249524e-01
0.00000000e+00 0.00000000e+00 0.00000000e+00 1.00000000e+00
-6.06240170e-02 9.82631071e-01 1.75387877e-01 -5.39181365e-02
9.48982218e-01 1.11213863e-01 -2.95066479e-01 1.43568876e-01
-3.09447054e-01 1.48551861e-01 -9.39241644e-01 7.10839528e-01
0.00000000e+00 0.00000000e+00 0.00000000e+00 1.00000000e+00
-7.95137037e-02 9.92141484e-01 9.66066640e-02 -1.02236648e-01
9.55480321e-01 4.82319679e-02 2.91085954e-01 -2.19926114e-01
2.84138921e-01 1.15451089e-01 -9.51806766e-01 9.52272822e-01
0.00000000e+00 0.00000000e+00 0.00000000e+00 1.00000000e+00
-7.91383177e-02 9.92215348e-01 9.61552408e-02 -1.02285083e-01
9.56506119e-01 4.84124740e-02 2.87666956e-01 -2.20016065e-01
2.80772455e-01 1.14738555e-01 -9.52891333e-01 9.52613183e-01
0.00000000e+00 0.00000000e+00 0.00000000e+00 1.00000000e+00
-7.61369729e-02 9.94029209e-01 7.81606817e-02 -9.99936979e-02
9.54311842e-01 4.99294954e-02 2.94611529e-01 -2.20943293e-01
2.88949942e-01 9.70204942e-02 -9.52415327e-01 9.55466827e-01
0.00000000e+00 0.00000000e+00 0.00000000e+00 1.00000000e+00
-3.34421548e-02 9.99417997e-01 -6.72980633e-03 -7.67172578e-02
9.59845835e-01 3.39930847e-02 2.78460848e-01 -2.37208180e-01
2.78527550e-01 2.85275424e-03 -9.60424003e-01 9.77806125e-01
0.00000000e+00 0.00000000e+00 0.00000000e+00 1.00000000e+00
2.81339317e-02 9.87877098e-01 -1.52667355e-01 -4.60366837e-02
9.55167401e-01 1.84628909e-02 2.95490031e-01 -2.66494427e-01
2.94726515e-01 -1.54136177e-01 -9.43068566e-01 9.90840072e-01
0.00000000e+00 0.00000000e+00 0.00000000e+00 1.00000000e+00
1.44369384e-01 9.34815297e-01 -3.24465472e-01 -7.27373429e-03
9.27634849e-01 -1.37136160e-02 3.73236551e-01 -3.39365560e-01
3.44457642e-01 -3.54869410e-01 -8.69147073e-01 9.58308781e-01
0.00000000e+00 0.00000000e+00 0.00000000e+00 1.00000000e+00
2.99145473e-01 6.75147421e-01 -6.74305529e-01 1.73848096e-01
9.52579338e-01 -1.70034387e-01 2.52350770e-01 -8.30720642e-02
5.57188441e-02 -7.17819105e-01 -6.93996501e-01 9.08460254e-01
0.00000000e+00 0.00000000e+00 0.00000000e+00 1.00000000e+00
2.99511936e-01 6.74987287e-01 -6.74303168e-01 1.73858275e-01
9.52474569e-01 -1.70392752e-01 2.52504464e-01 -8.30426383e-02
5.55409307e-02 -7.17884721e-01 -6.93942889e-01 9.08544666e-01
0.00000000e+00 0.00000000e+00 0.00000000e+00 1.00000000e+00
2.31500060e-01 7.70414549e-01 -5.94027899e-01 1.13789521e-01
9.51063192e-01 -5.07689835e-02 3.04797170e-01 -1.48298842e-01
2.04661982e-01 -6.35518633e-01 -7.44465943e-01 8.69802747e-01
0.00000000e+00 0.00000000e+00 0.00000000e+00 1.00000000e+00
1.20274949e-01 8.58722664e-01 -4.98125811e-01 5.02204464e-02
9.23502668e-01 8.73226871e-02 3.73520510e-01 -2.15970921e-01
3.64248211e-01 -5.04945676e-01 -7.82529939e-01 8.06679029e-01
0.00000000e+00 0.00000000e+00 0.00000000e+00 1.00000000e+00
-1.92152992e-01 9.49599020e-01 -2.47666972e-01 -3.23663720e-02
8.04014478e-01 2.97038296e-01 5.15100932e-01 -3.08078271e-01
5.62705915e-01 -1.00149646e-01 -8.20568158e-01 6.61389875e-01
0.00000000e+00 0.00000000e+00 0.00000000e+00 1.00000000e+00
-9.86785254e-01 -6.45405150e-02 1.48624977e-01 2.18811202e-02
1.09919785e-01 4.07277847e-01 9.06665537e-01 -2.56795430e-01
-1.19048321e-01 9.11021008e-01 -3.94801494e-01 4.58699576e-01
0.00000000e+00 0.00000000e+00 0.00000000e+00 1.00000000e+00
-8.98735268e-01 -4.11578410e-01 1.51255181e-01 1.36976453e-02
-1.81462801e-02 3.79558735e-01 9.24989664e-01 -1.98610935e-01
-4.38116001e-01 8.28576115e-01 -3.48591438e-01 5.32331086e-01
0.00000000e+00 0.00000000e+00 0.00000000e+00 1.00000000e+00
-7.92632760e-01 -5.89448017e-01 1.55834347e-01 -1.00240814e-02
-9.03067690e-02 3.66275639e-01 9.26113840e-01 -1.57351916e-01
-6.02974291e-01 7.19995272e-01 -3.43553216e-01 5.87410045e-01
0.00000000e+00 0.00000000e+00 0.00000000e+00 1.00000000e+00
-7.19290411e-01 -6.75570768e-01 1.61942710e-01 -2.99004619e-02
-1.29600226e-01 3.59505423e-01 9.24099363e-01 -1.31355821e-01
-6.82513799e-01 6.43707999e-01 -3.46142928e-01 6.19245613e-01
0.00000000e+00 0.00000000e+00 0.00000000e+00 1.00000000e+00
