3.43899052e-01 1.70329749e-04 -9.39006609e-01 3.28775181e-01
2.54243449e-05 9.99999981e-01 1.90704892e-04 -2.28252820e-05
9.39006625e-01 -8.94568595e-05 3.43899042e-01 6.97397391e-01
0.00000000e+00 0.00000000e+00 0.00000000e+00 1.00000000e+00
3.43898217e-01 1.58262892e-04 -9.39006918e-01 3.28775186e-01
3.22830738e-05 9.99999983e-01 1.80366063e-04 -2.23314588e-05
9.39006930e-01 -9.23415971e-05 3.43898206e-01 6.97397355e-01
0.00000000e+00 0.00000000e+00 0.00000000e+00 1.00000000e+00
3.43894032e-01 1.65081421e-04 -9.39008449e-01 3.28774884e-01
2.96601436e-05 9.99999982e-01 1.86666440e-04 -2.25203097e-05
9.39008463e-01 -9.20446002e-05 3.43894021e-01 6.97397465e-01
0.00000000e+00 0.00000000e+00 0.00000000e+00 1.00000000e+00
3.43922084e-01 1.58429681e-04 -9.38998176e-01 3.28779228e-01
3.44613498e-05 9.99999983e-01 1.81344014e-04 -2.02477228e-05
9.38998189e-01 -9.47273557e-05 3.43922072e-01 6.97386666e-01
0.00000000e+00 0.00000000e+00 0.00000000e+00 1.00000000e+00
3.43950288e-01 1.49971304e-04 -9.38987847e-01 3.28786364e-01
6.62849104e-05 9.99999981e-01 1.83996008e-04 -1.37047780e-05
9.38987857e-01 -1.25526205e-04 3.43950272e-01 6.97371220e-01
0.00000000e+00 0.00000000e+00 0.00000000e+00 1.00000000e+00
3.43972727e-01 1.45342975e-04 -9.38979628e-01 3.28794369e-01
6.78745323e-05 9.99999982e-01 1.79652418e-04 -1.21850946e-05
9.38979637e-01 -1.25528335e-04 3.43972711e-01 6.97356835e-01
0.00000000e+00 0.00000000e+00 0.00000000e+00 1.00000000e+00
3.43963858e-01 1.40311373e-04 -9.38982878e-01 3.28793788e-01
6.96061265e-05 9.99999982e-01 1.74926899e-04 -1.05306023e-05
9.38982886e-01 -1.25527492e-04 3.43963842e-01 6.97356824e-01
0.00000000e+00 0.00000000e+00 0.00000000e+00 1.00000000e+00
3.43952672e-01 1.40929010e-04 -9.38986975e-01 3.28792175e-01
7.83971931e-05 9.99999981e-01 1.78803259e-04 -1.00875330e-05
9.38986982e-01 -1.35113802e-04 3.43952654e-01 6.97357841e-01
0.00000000e+00 0.00000000e+00 0.00000000e+00 1.00000000e+00
3.43957171e-01 1.47704288e-04 -9.38985326e-01 3.28792168e-01
7.80888235e-05 9.99999980e-01 1.85906522e-04 -1.03817875e-05
9.38985335e-01 -1.37268141e-04 3.43957152e-01 6.97359156e-01
0.00000000e+00 0.00000000e+00 0.00000000e+00 1.00000000e+00
3.43948215e-01 1.45945012e-04 -9.38988607e-01 3.28791523e-01
6.87325530e-05 9.99999981e-01 1.80604373e-04 -1.13665975e-05
9.38988616e-01 -1.26657636e-04 3.43948199e-01 6.97359392e-01
0.00000000e+00 0.00000000e+00 0.00000000e+00 1.00000000e+00
3.43956106e-01 1.45603440e-04 -9.38985717e-01 3.28792219e-01
7.58537101e-05 9.99999980e-01 1.82850262e-04 -1.12578813e-05
9.38985725e-01 -1.34118014e-04 3.43956088e-01 6.97359070e-01
0.00000000e+00 0.00000000e+00 0.00000000e+00 1.00000000e+00
3.43957170e-01 1.50172409e-04 -9.38985326e-01 3.28792167e-01
6.83531252e-05 9.99999981e-01 1.84968762e-04 -1.17286030e-05
9.38985336e-01 -1.27803914e-04 3.43957153e-01 6.97359156e-01
0.00000000e+00 0.00000000e+00 0.00000000e+00 1.00000000e+00
3.43957011e-01 1.49298103e-04 -9.38985385e-01 3.28792175e-01
6.96121836e-05 9.99999981e-01 1.84498823e-04 -1.05250708e-05
9.38985394e-01 -1.28824487e-04 3.43956994e-01 6.97359143e-01
0.00000000e+00 0.00000000e+00 0.00000000e+00 1.00000000e+00
3.43941257e-01 1.37023835e-04 -9.38991157e-01 3.28786467e-01
7.01964922e-05 9.99999983e-01 1.71638786e-04 -9.96671772e-06
9.38991164e-01 -1.24947545e-04 3.43941241e-01 6.97367523e-01
0.00000000e+00 0.00000000e+00 0.00000000e+00 1.00000000e+00
3.43857159e-01 1.22219518e-04 -9.39021959e-01 3.28760099e-01
6.06017408e-05 9.99999987e-01 1.52347725e-04 -4.68221801e-06
9.39021965e-01 -1.09292221e-04 3.43857147e-01 6.97403724e-01
0.00000000e+00 0.00000000e+00 0.00000000e+00 1.00000000e+00
3.43816981e-01 1.02373165e-04 -9.39036673e-01 3.28741250e-01
3.06705331e-05 9.99999992e-01 1.20248993e-04 -3.17630580e-06
9.39036678e-01 -7.01444012e-05 3.43816976e-01 6.97432426e-01
0.00000000e+00 0.00000000e+00 0.00000000e+00 1.00000000e+00
3.43819411e-01 8.90368348e-05 -9.39035785e-01 3.28737530e-01
1.69134909e-05 9.99999995e-01 1.01010017e-04 -1.99901106e-06
9.39035789e-01 -5.06115778e-05 3.43819407e-01 6.97440780e-01
0.00000000e+00 0.00000000e+00 0.00000000e+00 1.00000000e+00
3.43831708e-01 8.90384572e-05 -9.39031282e-01 3.28738681e-01
1.33114343e-05 9.99999995e-01 9.96935370e-05 -2.25836194e-06
9.39031286e-01 -4.67776523e-05 3.43831705e-01 6.97439309e-01
0.00000000e+00 0.00000000e+00 0.00000000e+00 1.00000000e+00
3.43829884e-01 8.92246488e-05 -9.39031950e-01 3.28740095e-01
1.32474666e-05 9.99999995e-01 9.98682986e-05 -2.31960370e-06
9.39031954e-01 -4.67774999e-05 3.43829881e-01 6.97437293e-01
0.00000000e+00 0.00000000e+00 0.00000000e+00 1.00000000e+00
3.43829371e-01 9.14837197e-05 -9.39032138e-01 3.28740058e-01
1.24707459e-05 9.99999995e-01 1.01989617e-04 -3.06224501e-06
9.39032142e-01 -4.67774570e-05 3.43829368e-01 6.97437306e-01
0.00000000e+00 0.00000000e+00 0.00000000e+00 1.00000000e+00
3.43813616e-01 1.02995080e-04 -9.39037905e-01 3.28740249e-01
3.92365855e-05 9.99999992e-01 1.24047337e-04 -1.35522805e-06
9.39037910e-01 -7.94938044e-05 3.43813609e-01 6.97431987e-01
0.00000000e+00 0.00000000e+00 0.00000000e+00 1.00000000e+00
3.43813616e-01 1.02995080e-04 -9.39037905e-01 3.28740249e-01
3.92365855e-05 9.99999992e-01 1.24047337e-04 -1.35522805e-06
9.39037910e-01 -7.94938044e-05 3.43813609e-01 6.97431987e-01
0.00000000e+00 0.00000000e+00 0.00000000e+00 1.00000000e+00
3.43813616e-01 1.02995080e-04 -9.39037905e-01 3.28740249e-01
3.92365855e-05 9.99999992e-01 1.24047337e-04 -1.35522805e-06
9.39037910e-01 -7.94938044e-05 3.43813609e-01 6.97431987e-01
0.00000000e+00 0.00000000e+00 0.00000000e+00 1.00000000e+00
3.43813616e-01 1.02995080e-04 -9.39037905e-01 3.28740249e-01
3.92365855e-05 9.99999992e-01 1.24047337e-04 -1.35522805e-06
9.39037910e-01 -7.94938044e-05 3.43813609e-01 6.97431987e-01
0.00000000e+00 0.00000000e+00 0.00000000e+00 1.00000000e+00
3.43823255e-01 9.64536463e-05 -9.39034376e-01 3.28740745e-01
2.66296005e-05 9.99999993e-01 1.12466087e-04 -2.26292823e-06
9.39034381e-01 -6.36745664e-05 3.43823250e-01 6.97432593e-01
0.00000000e+00 0.00000000e+00 0.00000000e+00 1.00000000e+00
3.43827555e-01 8.65262115e-05 -9.39032803e-01 3.28743138e-01
2.77193059e-05 9.99999994e-01 1.02293415e-04 -1.22104552e-06
9.39032806e-01 -6.12006323e-05 3.43827551e-01 6.97429934e-01
0.00000000e+00 0.00000000e+00 0.00000000e+00 1.00000000e+00
3.43855410e-01 5.13688002e-05 -9.39022606e-01 3.28751065e-01
3.19810954e-05 9.99999997e-01 6.64155179e-05 2.85373674e-06
9.39022607e-01 -5.28683067e-05 3.43855407e-01 6.97420212e-01
0.00000000e+00 0.00000000e+00 0.00000000e+00 1.00000000e+00
3.43891501e-01 -1.24850485e-05 -9.39009390e-01 3.28761695e-01
1.32129588e-05 1.00000000e+00 -8.45702328e-06 5.20145007e-06
9.39009390e-01 -9.49879398e-06 3.43891501e-01 6.97407613e-01
0.00000000e+00 0.00000000e+00 0.00000000e+00 1.00000000e+00
3.43931728e-01 -7.52294432e-05 -9.38994654e-01 3.28772687e-01
-3.12760697e-06 9.99999997e-01 -8.12625779e-05 7.63825230e-06
9.38994657e-01 3.08855851e-05 3.43931727e-01 6.97394726e-01
0.00000000e+00 0.00000000e+00 0.00000000e+00 1.00000000e+00
3.43956259e-01 -1.01934780e-04 -9.38985666e-01 3.28777823e-01
-1.97808487e-05 9.99999993e-01 -1.15804245e-04 9.08902193e-06
9.38985672e-01 5.84055282e-05 3.43956254e-01 6.97389017e-01
0.00000000e+00 0.00000000e+00 0.00000000e+00 1.00000000e+00
3.43972656e-01 -1.19933314e-04 -9.38979658e-01 3.28781276e-01
-2.69839381e-05 9.99999990e-01 -1.37612192e-04 8.57047808e-06
9.38979665e-01 7.26722003e-05 3.43972650e-01 6.97385762e-01
0.00000000e+00 0.00000000e+00 0.00000000e+00 1.00000000e+00
3.43968963e-01 -1.19933580e-04 -9.38981011e-01 3.28779700e-01
-2.69840726e-05 9.99999990e-01 -1.37612221e-04 8.57042307e-06
9.38981018e-01 7.26718646e-05 3.43968956e-01 6.97386911e-01
0.00000000e+00 0.00000000e+00 0.00000000e+00 1.00000000e+00
3.43970713e-01 -1.10931057e-04 -9.38980371e-01 3.28781073e-01
-2.69840219e-05 9.99999991e-01 -1.28024795e-04 8.57046987e-06
9.38980377e-01 6.93742469e-05 3.43970707e-01 6.97386086e-01
0.00000000e+00 0.00000000e+00 0.00000000e+00 1.00000000e+00
3.43965470e-01 -1.05384738e-04 -9.38982292e-01 3.28780794e-01
-2.88920785e-05 9.99999992e-01 -1.22816602e-04 6.74689767e-06
9.38982297e-01 6.93738204e-05 3.43965465e-01 6.97385799e-01
0.00000000e+00 0.00000000e+00 0.00000000e+00 1.00000000e+00
3.43976166e-01 -9.32122271e-05 -9.38978375e-01 3.28782359e-01
-2.99819597e-05 9.99999993e-01 -1.10253131e-04 5.70490633e-06
9.38978379e-01 6.60768611e-05 3.43976161e-01 6.97382076e-01
0.00000000e+00 0.00000000e+00 0.00000000e+00 1.00000000e+00
3.43982235e-01 -6.69281521e-05 -9.38976154e-01 3.28783905e-01
-2.68664311e-05 9.99999996e-01 -8.11199801e-05 2.31595316e-06
9.38976156e-01 5.31307703e-05 3.43982232e-01 6.97377119e-01
0.00000000e+00 0.00000000e+00 0.00000000e+00 1.00000000e+00
3.43987968e-01 -1.59973662e-05 -9.38974056e-01 3.28785658e-01
-3.02561755e-05 9.99999999e-01 -2.81212525e-05 -4.10729243e-06
9.38974056e-01 3.80831363e-05 3.43987967e-01 6.97371163e-01
0.00000000e+00 0.00000000e+00 0.00000000e+00 1.00000000e+00
3.43987142e-01 3.41055763e-05 -9.38974358e-01 3.28786594e-01
-2.01387728e-05 9.99999999e-01 2.89444511e-05 -8.76226922e-06
9.38974358e-01 8.95327228e-06 3.43987142e-01 6.97366877e-01
0.00000000e+00 0.00000000e+00 0.00000000e+00 1.00000000e+00
3.43992201e-01 4.56448816e-05 -9.38972504e-01 3.28787334e-01
-8.62236736e-06 9.99999999e-01 4.54527201e-05 -8.89665215e-06
9.38972505e-01 -7.53921538e-06 3.43992201e-01 6.97365116e-01
0.00000000e+00 0.00000000e+00 0.00000000e+00 1.00000000e+00
3.43988995e-01 6.60698980e-05 -9.38973677e-01 3.28787522e-01
-3.87140690e-06 9.99999998e-01 6.89456777e-05 -1.07225955e-05
9.38973680e-01 -2.00814052e-05 3.43988994e-01 6.97363388e-01
0.00000000e+00 0.00000000e+00 0.00000000e+00 1.00000000e+00
3.43984539e-01 5.40260616e-05 -9.38975311e-01 3.28786870e-01
-3.87125381e-06 9.99999998e-01 5.61190581e-05 -1.07225731e-05
9.38975312e-01 -1.56690766e-05 3.43984538e-01 6.97364939e-01
0.00000000e+00 0.00000000e+00 0.00000000e+00 1.00000000e+00
3.43985899e-01 5.56261717e-05 -9.38974812e-01 3.28787069e-01
-5.28328513e-06 9.99999998e-01 5.73058993e-05 -9.86068825e-06
9.38974814e-01 -1.47515496e-05 3.43985899e-01 6.97364465e-01
0.00000000e+00 0.00000000e+00 0.00000000e+00 1.00000000e+00
3.43980819e-01 5.87935749e-05 -9.38976673e-01 3.28785256e-01
-3.87112602e-06 9.99999998e-01 6.11963890e-05 -1.07225177e-05
9.38976675e-01 -1.74154869e-05 3.43980818e-01 6.97366241e-01
0.00000000e+00 0.00000000e+00 0.00000000e+00 1.00000000e+00
3.43973533e-01 5.87937101e-05 -9.38979342e-01 3.28783120e-01
-3.87087573e-06 9.99999998e-01 6.11964807e-05 -1.07224443e-05
9.38979344e-01 -1.74152973e-05 3.43973532e-01 6.97368785e-01
0.00000000e+00 0.00000000e+00 0.00000000e+00 1.00000000e+00
3.43947166e-01 6.03788605e-05 -9.38989001e-01 3.28776012e-01
-4.41500980e-06 9.99999998e-01 6.26847921e-05 -1.12432083e-05
9.38989002e-01 -1.74146110e-05 3.43947166e-01 6.97376871e-01
0.00000000e+00 0.00000000e+00 0.00000000e+00 1.00000000e+00
3.43882158e-01 7.48404679e-05 -9.39012809e-01 3.28758480e-01
-7.95480117e-06 9.99999997e-01 7.67880404e-05 -1.46289495e-05
9.39012812e-01 -1.89363769e-05 3.43882158e-01 6.97396751e-01
0.00000000e+00 0.00000000e+00 0.00000000e+00 1.00000000e+00
3.43807119e-01 9.05656193e-05 -9.39040285e-01 3.28737201e-01
-1.16922337e-05 9.99999996e-01 9.21640393e-05 -1.82049092e-05
9.39040289e-01 -2.07071743e-05 3.43807118e-01 6.97421251e-01
0.00000000e+00 0.00000000e+00 0.00000000e+00 1.00000000e+00
3.43735412e-01 1.01079523e-04 -9.39066535e-01 3.28719195e-01
-1.53015956e-05 9.99999995e-01 1.02037309e-04 -2.16595269e-05
9.39066540e-01 -2.07046201e-05 3.43735411e-01 6.97441119e-01
0.00000000e+00 0.00000000e+00 0.00000000e+00 1.00000000e+00
3.43693623e-01 1.13608650e-04 -9.39081829e-01 3.28708241e-01
-8.74466737e-06 9.99999993e-01 1.17777982e-04 -2.33544787e-05
9.39081835e-01 -3.22675832e-05 3.43693621e-01 6.97454006e-01
0.00000000e+00 0.00000000e+00 0.00000000e+00 1.00000000e+00
3.43667940e-01 1.17315380e-04 -9.39091227e-01 3.28702564e-01
-8.77865346e-06 9.99999993e-01 1.21711750e-04 -2.33884478e-05
9.39091235e-01 -3.35844701e-05 3.43667938e-01 6.97460153e-01
0.00000000e+00 0.00000000e+00 0.00000000e+00 1.00000000e+00
3.43654258e-01 1.20380607e-04 -9.39096234e-01 3.28698422e-01
-9.83083958e-06 9.99999992e-01 1.24590210e-04 -2.43955124e-05
9.39096241e-01 -3.35838516e-05 3.43654257e-01 6.97464929e-01
0.00000000e+00 0.00000000e+00 0.00000000e+00 1.00000000e+00
3.43651322e-01 1.23550083e-04 -9.39097308e-01 3.28697992e-01
-1.09197692e-05 9.99999992e-01 1.27566641e-04 -2.54372447e-05
9.39097316e-01 -3.35837189e-05 3.43651321e-01 6.97465950e-01
0.00000000e+00 0.00000000e+00 0.00000000e+00 1.00000000e+00
3.43654258e-01 1.19651787e-04 -9.39096234e-01 3.28698422e-01
-1.09250887e-05 9.99999992e-01 1.23413691e-04 -2.44742983e-05
9.39096241e-01 -3.21519309e-05 3.43654257e-01 6.97464929e-01
0.00000000e+00 0.00000000e+00 0.00000000e+00 1.00000000e+00
3.43654269e-01 1.20380626e-04 -9.39096230e-01 3.28698426e-01
-9.86803247e-06 9.99999992e-01 1.24576619e-04 -2.43981906e-05
9.39096238e-01 -3.35442548e-05 3.43654267e-01 6.97464925e-01
0.00000000e+00 0.00000000e+00 0.00000000e+00 1.00000000e+00
3.43658523e-01 1.20380455e-04 -9.39094673e-01 3.28699407e-01
-9.83117193e-06 9.99999992e-01 1.24590088e-04 -2.43955892e-05
9.39094681e-01 -3.35840444e-05 3.43658522e-01 6.97463442e-01
0.00000000e+00 0.00000000e+00 0.00000000e+00 1.00000000e+00
3.43659312e-01 1.19298568e-04 -9.39094385e-01 3.28699589e-01
-1.52342521e-05 9.99999993e-01 1.21460820e-04 -2.47846207e-05
9.39094392e-01 -2.74347413e-05 3.43659311e-01 6.97463167e-01
0.00000000e+00 0.00000000e+00 0.00000000e+00 1.00000000e+00
3.43653016e-01 1.16783714e-04 -9.39096689e-01 3.28699779e-01
-1.88357477e-05 9.99999993e-01 1.17464744e-04 -2.50439785e-05
9.39096696e-01 -2.26785252e-05 3.43653016e-01 6.97462474e-01
0.00000000e+00 0.00000000e+00 0.00000000e+00 1.00000000e+00
3.43670571e-01 1.06531243e-04 -9.39090266e-01 3.28703615e-01
-2.91654172e-05 9.99999994e-01 1.02767487e-04 -2.43117689e-05
9.39090271e-01 -7.92920162e-06 3.43670572e-01 6.97456356e-01
0.00000000e+00 0.00000000e+00 0.00000000e+00 1.00000000e+00
3.43681929e-01 9.20971873e-05 -9.39086111e-01 3.28707542e-01
-5.13182971e-05 9.99999996e-01 7.92898700e-05 -2.42522017e-05
9.39086114e-01 2.09418046e-05 3.43681932e-01 6.97448433e-01
0.00000000e+00 0.00000000e+00 0.00000000e+00 1.00000000e+00
3.43687288e-01 7.99407601e-05 -9.39084150e-01 3.28711245e-01
-7.72450098e-05 9.99999995e-01 5.68560675e-05 -2.51557670e-05
9.39084151e-01 5.29988567e-05 3.43687293e-01 6.97441982e-01
0.00000000e+00 0.00000000e+00 0.00000000e+00 1.00000000e+00
3.43685217e-01 7.39603749e-05 -9.39084909e-01 3.28712542e-01
-8.77942519e-05 9.99999995e-01 4.66270809e-05 -2.40951864e-05
9.39084908e-01 6.64212186e-05 3.43685222e-01 6.97440060e-01
0.00000000e+00 0.00000000e+00 0.00000000e+00 1.00000000e+00
3.43701036e-01 7.83708987e-05 -9.39079119e-01 3.28714377e-01
-1.00114667e-04 9.99999994e-01 4.68132904e-05 -2.63208235e-05
9.39079117e-01 7.79258168e-05 3.43701042e-01 6.97436974e-01
0.00000000e+00 0.00000000e+00 0.00000000e+00 1.00000000e+00
3.43695200e-01 7.29685560e-05 -9.39081255e-01 3.28713369e-01
-1.00114348e-04 9.99999994e-01 4.10611271e-05 -2.63207636e-05
9.39081253e-01 7.99029951e-05 3.43695205e-01 6.97438504e-01
0.00000000e+00 0.00000000e+00 0.00000000e+00 1.00000000e+00
3.43691584e-01 7.54195344e-05 -9.39082579e-01 3.28712529e-01
-9.90999829e-05 9.99999994e-01 4.40426698e-05 -2.53507421e-05
9.39082577e-01 7.79259726e-05 3.43691589e-01 6.97439405e-01
0.00000000e+00 0.00000000e+00 0.00000000e+00 1.00000000e+00
3.43686070e-01 7.29898047e-05 -9.39084597e-01 3.28712123e-01
-9.26522938e-05 9.99999995e-01 4.38155431e-05 -2.51791561e-05
9.39084595e-01 7.19495501e-05 3.43686075e-01 6.97439558e-01
0.00000000e+00 0.00000000e+00 0.00000000e+00 1.00000000e+00
3.43697247e-01 7.60267290e-05 -9.39080506e-01 3.28713772e-01
-9.54314203e-05 9.99999994e-01 4.60314231e-05 -2.59836089e-05
9.39080504e-01 7.37969130e-05 3.43697253e-01 6.97438508e-01
0.00000000e+00 0.00000000e+00 0.00000000e+00 1.00000000e+00
3.43693757e-01 7.09720947e-05 -9.39081784e-01 3.28713521e-01
-9.86953208e-05 9.99999994e-01 3.94546347e-05 -2.49636488e-05
9.39081781e-01 7.91226663e-05 3.43693762e-01 6.97438600e-01
0.00000000e+00 0.00000000e+00 0.00000000e+00 1.00000000e+00
3.43693683e-01 6.58342290e-05 -9.39081811e-01 3.28713251e-01
-9.27718757e-05 9.99999995e-01 3.61513988e-05 -2.36244792e-05
9.39081809e-01 7.46953736e-05 3.43693687e-01 6.97439749e-01
0.00000000e+00 0.00000000e+00 0.00000000e+00 1.00000000e+00
3.43717644e-01 3.84834898e-05 -9.39073043e-01 3.28717610e-01
-8.17904815e-05 9.99999997e-01 1.10435052e-05 -1.83526350e-05
9.39073040e-01 7.30113887e-05 3.43717646e-01 6.97438810e-01
0.00000000e+00 0.00000000e+00 0.00000000e+00 1.00000000e+00
3.43748045e-01 -3.05931152e-06 -9.39061916e-01 3.28725276e-01
-7.50281482e-05 9.99999997e-01 -3.07222455e-05 -1.18856921e-05
9.39061913e-01 8.10167884e-05 3.43748043e-01 6.97438338e-01
0.00000000e+00 0.00000000e+00 0.00000000e+00 1.00000000e+00
3.43793450e-01 -5.09210155e-05 -9.39045293e-01 3.28731828e-01
-5.62449224e-05 9.99999996e-01 -7.48181710e-05 -3.56961841e-06
9.39045292e-01 7.85385267e-05 3.43793445e-01 6.97438646e-01
0.00000000e+00 0.00000000e+00 0.00000000e+00 1.00000000e+00
3.43837666e-01 -7.81678477e-05 -9.39029102e-01 3.28738911e-01
-3.60058240e-05 9.99999995e-01 -9.64272626e-05 6.93996765e-07
9.39029104e-01 6.69658415e-05 3.43837661e-01 6.97437240e-01
0.00000000e+00 0.00000000e+00 0.00000000e+00 1.00000000e+00
3.43857330e-01 -9.43060208e-05 -9.39021900e-01 3.28740725e-01
-2.55052550e-05 9.99999994e-01 -1.09769739e-04 3.61777812e-06
9.39021904e-01 6.16951224e-05 3.43857325e-01 6.97437774e-01
0.00000000e+00 0.00000000e+00 0.00000000e+00 1.00000000e+00
3.43867332e-01 -9.72124215e-05 -9.39018237e-01 3.28742592e-01
-2.52447064e-05 9.99999993e-01 -1.12770175e-04 3.86663102e-06
9.39018241e-01 6.24832188e-05 3.43867327e-01 6.97437165e-01
0.00000000e+00 0.00000000e+00 0.00000000e+00 1.00000000e+00
