-1.77475446e-02 -1.80707085e-04 -9.99842484e-01 2.97759631e-01
3.18867150e-05 9.99999983e-01 -1.81301551e-04 2.75643048e-05
9.99842499e-01 -3.50993497e-05 -1.77475385e-02 7.06126936e-01
0.00000000e+00 0.00000000e+00 0.00000000e+00 1.00000000e+00
-1.77522193e-02 -1.77286116e-04 -9.99842401e-01 2.97758947e-01
3.18632248e-05 9.99999984e-01 -1.77879790e-04 2.79516239e-05
9.99842416e-01 -3.50159643e-05 -1.77522133e-02 7.06128337e-01
0.00000000e+00 0.00000000e+00 0.00000000e+00 1.00000000e+00
-7.13259510e-02 -1.72949190e-04 -9.97453046e-01 2.45856209e-01
2.73593761e-05 9.99999984e-01 -1.75347222e-04 2.31785010e-05
9.97453061e-01 -3.97965004e-05 -7.13259451e-02 7.18113075e-01
0.00000000e+00 0.00000000e+00 0.00000000e+00 1.00000000e+00
-1.35982537e-01 -1.70308676e-04 -9.90711220e-01 1.83491292e-01
4.44744859e-05 9.99999983e-01 -1.78009922e-04 2.01469486e-05
9.90711233e-01 -6.82676130e-05 -1.35982527e-01 7.22624186e-01
0.00000000e+00 0.00000000e+00 0.00000000e+00 1.00000000e+00
-1.46326402e-01 2.04324753e-05 -9.89236364e-01 -5.50110765e-01
-3.46355546e-05 9.99999999e-01 2.57780368e-05 6.50915004e-07
9.89236364e-01 3.80347574e-05 -1.46326401e-01 5.05547446e-01
0.00000000e+00 0.00000000e+00 0.00000000e+00 1.00000000e+00
-1.08796988e-01 2.85205099e-05 -9.94063989e-01 -5.70135295e-01
-3.16211455e-05 9.99999999e-01 3.21516478e-05 7.68346556e-06
9.94063989e-01 3.49314445e-05 -1.08796987e-01 4.55932560e-01
0.00000000e+00 0.00000000e+00 0.00000000e+00 1.00000000e+00
-7.93026830e-02 2.80335345e-05 -9.96850582e-01 -5.79368487e-01
-3.22949302e-05 9.99999999e-01 3.06912687e-05 1.14724041e-05
9.96850582e-01 3.46271199e-05 -7.93026820e-02 4.15001772e-01
0.00000000e+00 0.00000000e+00 0.00000000e+00 1.00000000e+00
-7.93314084e-02 2.81709675e-05 -9.96848297e-01 -5.79366342e-01
-3.22816855e-05 9.99999999e-01 3.08290832e-05 1.15506868e-05
9.96848297e-01 3.46256578e-05 -7.93314074e-02 4.15022237e-01
0.00000000e+00 0.00000000e+00 0.00000000e+00 1.00000000e+00
-7.93602934e-02 2.80361126e-05 -9.96845998e-01 -5.79368258e-01
-3.22910968e-05 9.99999999e-01 3.06955574e-05 1.14725748e-05
9.96845998e-01 3.46252591e-05 -7.93602924e-02 4.15022876e-01
0.00000000e+00 0.00000000e+00 0.00000000e+00 1.00000000e+00
-7.93599452e-02 3.31465775e-05 -9.96846025e-01 -5.79368459e-01
-3.22911816e-05 9.99999999e-01 3.58221861e-05 1.14725742e-05
9.96846025e-01 3.50321828e-05 -7.93599441e-02 4.15021764e-01
0.00000000e+00 0.00000000e+00 0.00000000e+00 1.00000000e+00
-7.93582410e-02 6.35365329e-05 -9.96846159e-01 -5.79367982e-01
-2.66911837e-05 9.99999997e-01 6.58624177e-05 3.29719807e-05
9.96846161e-01 3.18337296e-05 -7.93582391e-02 4.15023513e-01
0.00000000e+00 0.00000000e+00 0.00000000e+00 1.00000000e+00
-5.41987985e-02 9.97005451e-02 -9.93540282e-01 -5.66966611e-01
6.81883364e-02 9.93049590e-01 9.59315503e-02 8.11397082e-02
9.96199197e-01 -6.25484842e-02 -6.06205090e-02 4.37460745e-01
0.00000000e+00 0.00000000e+00 0.00000000e+00 1.00000000e+00
-1.06210461e-02 1.98484315e-01 -9.80046514e-01 -5.38053724e-01
1.30866224e-01 9.71947913e-01 1.95425908e-01 1.67530945e-01
9.91343142e-01 -1.26179359e-01 -3.62979965e-02 4.61871733e-01
0.00000000e+00 0.00000000e+00 0.00000000e+00 1.00000000e+00
1.26048610e-01 3.77782012e-01 -9.17274495e-01 -4.14829897e-01
2.05701153e-01 8.94599483e-01 3.96709970e-01 3.36835874e-01
9.70463180e-01 -2.38689162e-01 3.50528256e-02 5.16289801e-01
0.00000000e+00 0.00000000e+00 0.00000000e+00 1.00000000e+00
2.75735791e-01 5.36651931e-01 -7.97480080e-01 -1.83648012e-01
1.46550112e-01 7.96473503e-01 5.86645569e-01 4.44554129e-01
9.49996231e-01 -2.78629975e-01 1.40969851e-01 5.78399112e-01
0.00000000e+00 0.00000000e+00 0.00000000e+00 1.00000000e+00
2.93179870e-01 6.55686552e-01 -6.95787834e-01 1.05828313e-03
1.45290757e-02 7.24628249e-01 6.88986797e-01 4.25777745e-01
9.55946897e-01 -2.12106214e-01 2.02919896e-01 6.18587224e-01
0.00000000e+00 0.00000000e+00 0.00000000e+00 1.00000000e+00
2.52335079e-01 7.20397223e-01 -6.46030069e-01 7.88247550e-02
-5.98022152e-02 6.77968741e-01 7.32654135e-01 3.85278767e-01
9.65790196e-01 -1.46240310e-01 2.14156646e-01 6.34963606e-01
0.00000000e+00 0.00000000e+00 0.00000000e+00 1.00000000e+00
2.02339735e-01 7.65321934e-01 -6.11016341e-01 1.22978493e-01
-1.06808749e-01 6.37445957e-01 7.63056055e-01 3.47753103e-01
9.73473432e-01 -8.91346690e-02 2.10723724e-01 6.44406748e-01
0.00000000e+00 0.00000000e+00 0.00000000e+00 1.00000000e+00
1.90516998e-01 7.73884006e-01 -6.03992400e-01 1.30516770e-01
-1.15063106e-01 6.28624330e-01 7.69150137e-01 3.39730285e-01
9.74917307e-01 -7.70389338e-02 2.08809117e-01 6.46040565e-01
0.00000000e+00 0.00000000e+00 0.00000000e+00 1.00000000e+00
1.89398008e-01 7.70862089e-01 -6.08194076e-01 1.29514389e-01
-1.21104939e-01 6.33014928e-01 7.64608197e-01 3.37422483e-01
9.74403401e-01 -7.11599627e-02 2.13246973e-01 6.48654969e-01
0.00000000e+00 0.00000000e+00 0.00000000e+00 1.00000000e+00
1.76516629e-01 6.73828087e-01 -7.17493964e-01 1.03609031e-01
-2.79520073e-01 7.33245743e-01 6.19854184e-01 2.71585970e-01
9.43774554e-01 9.11393940e-02 3.17778542e-01 7.09989938e-01
0.00000000e+00 0.00000000e+00 0.00000000e+00 1.00000000e+00
1.72423744e-01 5.44479758e-01 -8.20860430e-01 7.55874089e-02
-4.34583463e-01 7.89900940e-01 4.32658893e-01 1.88847447e-01
8.83972435e-01 2.82131703e-01 3.72819576e-01 7.60695926e-01
0.00000000e+00 0.00000000e+00 0.00000000e+00 1.00000000e+00
2.56712868e-01 -5.18100606e-01 -8.15886184e-01 -2.65508919e-02
-9.49850067e-01 2.07161316e-02 -3.12018735e-01 -4.13829140e-01
1.78559101e-01 8.55068772e-01 -4.86799798e-01 6.22951414e-01
0.00000000e+00 0.00000000e+00 0.00000000e+00 1.00000000e+00
3.57657302e-01 1.14599262e-01 -9.26794618e-01 -8.63565821e-03
-7.75493784e-01 -5.16473403e-01 -3.63131678e-01 -5.14614332e-01
-5.20279392e-01 8.48600161e-01 -9.58494683e-02 3.71711336e-01
0.00000000e+00 0.00000000e+00 0.00000000e+00 1.00000000e+00
3.57657277e-01 1.14594873e-01 -9.26795170e-01 -8.63566446e-03
-7.75494112e-01 -5.16474602e-01 -3.63129270e-01 -5.14614416e-01
-5.20278919e-01 8.48600024e-01 -9.58532506e-02 3.71711558e-01
0.00000000e+00 0.00000000e+00 0.00000000e+00 1.00000000e+00
3.99662752e-01 2.15547845e-02 -9.16408793e-01 -8.22906225e-02
-8.65057585e-03 9.99767668e-01 1.97427870e-02 1.78462243e-03
9.16621433e-01 3.70071784e-05 3.99756359e-01 9.16155840e-01
0.00000000e+00 0.00000000e+00 0.00000000e+00 1.00000000e+00
3.95429623e-01 2.13829322e-02 -9.18247343e-01 -7.69801776e-02
-8.49119207e-03 9.99771358e-01 1.96247497e-02 1.65649352e-03
9.18457028e-01 3.68071832e-05 3.95520778e-01 9.18336656e-01
0.00000000e+00 0.00000000e+00 0.00000000e+00 1.00000000e+00
3.58629781e-01 1.92163920e-02 -9.33282064e-01 -3.07104698e-02
-6.92790328e-03 9.99815347e-01 1.79241537e-02 5.94723578e-04
9.33454168e-01 3.75525284e-05 3.58696689e-01 9.32330596e-01
0.00000000e+00 0.00000000e+00 0.00000000e+00 1.00000000e+00
3.01029053e-01 1.60108716e-02 -9.53480551e-01 4.28315780e-02
-4.85495494e-03 9.99871817e-01 1.52570881e-02 -6.90788885e-04
9.53602611e-01 3.62783205e-05 3.01068198e-01 9.37834857e-01
0.00000000e+00 0.00000000e+00 0.00000000e+00 1.00000000e+00
1.91217790e-01 1.00593566e-02 -9.81496086e-01 1.71685427e-01
-1.95180479e-03 9.99949403e-01 9.86822873e-03 -1.74677376e-03
9.81545693e-01 2.87078696e-05 1.91227749e-01 8.96882672e-01
0.00000000e+00 0.00000000e+00 0.00000000e+00 1.00000000e+00
8.41834283e-02 4.37942429e-03 -9.96440651e-01 2.63293234e-01
-3.70513855e-04 9.99990410e-01 4.36372318e-03 -1.18214236e-03
9.96450206e-01 1.84188960e-06 8.41842436e-02 8.04139864e-01
0.00000000e+00 0.00000000e+00 0.00000000e+00 1.00000000e+00
3.43172105e-02 1.76654980e-03 -9.99409430e-01 2.89587091e-01
-4.26686205e-05 9.99998439e-01 1.76612580e-03 -5.39781931e-04
9.99410990e-01 -1.79650891e-05 3.43172323e-02 7.48427005e-01
0.00000000e+00 0.00000000e+00 0.00000000e+00 1.00000000e+00
-2.56788244e-03 -1.79085264e-04 -9.99996687e-01 3.01352788e-01
3.31840782e-05 9.99999983e-01 -1.79171067e-04 2.61455770e-05
9.99996702e-01 -3.36440585e-05 -2.56787646e-03 7.03945773e-01
0.00000000e+00 0.00000000e+00 0.00000000e+00 1.00000000e+00
-2.54496652e-03 -1.76082318e-04 -9.99996746e-01 3.01350300e-01
3.31935066e-05 9.99999984e-01 -1.76167365e-04 2.52412039e-05
9.99996761e-01 -3.36417386e-05 -2.54496064e-03 7.03968687e-01
0.00000000e+00 0.00000000e+00 0.00000000e+00 1.00000000e+00
-2.49515626e-03 -1.82014278e-04 -9.99996871e-01 3.01354296e-01
1.78813194e-05 9.99999983e-01 -1.82059462e-04 2.12717301e-05
9.99996887e-01 -1.83355303e-05 -2.49515297e-03 7.03964719e-01
0.00000000e+00 0.00000000e+00 0.00000000e+00 1.00000000e+00
-2.49940386e-03 -1.82912670e-04 -9.99996860e-01 3.01353833e-01
2.00877584e-05 9.99999983e-01 -1.82963449e-04 2.17058296e-05
9.99996876e-01 -2.05449949e-05 -2.49940014e-03 7.03965378e-01
0.00000000e+00 0.00000000e+00 0.00000000e+00 1.00000000e+00
-2.50242160e-03 -1.64089044e-04 -9.99996855e-01 3.01353026e-01
2.17326044e-05 9.99999986e-01 -1.64143942e-04 1.95193675e-05
9.99996869e-01 -2.21432934e-05 -2.50241800e-03 7.03966280e-01
0.00000000e+00 0.00000000e+00 0.00000000e+00 1.00000000e+00
-2.50845300e-03 -1.29079808e-04 -9.99996845e-01 3.01351099e-01
1.10553947e-05 9.99999992e-01 -1.29107946e-04 1.18352228e-05
9.99996854e-01 -1.13792210e-05 -2.50845155e-03 7.03968726e-01
0.00000000e+00 0.00000000e+00 0.00000000e+00 1.00000000e+00
-2.53893770e-03 -4.18268458e-05 -9.99996776e-01 3.01344828e-01
5.01643523e-06 9.99999999e-01 -4.18397171e-05 -2.71867925e-07
9.99996777e-01 -5.12264749e-06 -2.53893748e-03 7.03976835e-01
0.00000000e+00 0.00000000e+00 0.00000000e+00 1.00000000e+00
-2.58652385e-03 7.83632149e-05 -9.99996652e-01 3.01332414e-01
-2.97566173e-05 9.99999996e-01 7.84404435e-05 -1.76706003e-05
9.99996654e-01 2.99594058e-05 -2.58652151e-03 7.03991174e-01
0.00000000e+00 0.00000000e+00 0.00000000e+00 1.00000000e+00
-2.62038487e-03 1.45225116e-04 -9.99996556e-01 3.01325928e-01
-6.02086497e-05 9.99999988e-01 1.45383384e-04 -2.70955179e-05
9.99996565e-01 6.05894028e-05 -2.62037610e-03 7.03999159e-01
0.00000000e+00 0.00000000e+00 0.00000000e+00 1.00000000e+00
-2.62363834e-03 1.87572996e-04 -9.99996541e-01 3.01323860e-01
-7.18299884e-05 9.99999980e-01 1.87762097e-04 -3.32082391e-05
9.99996556e-01 7.23223598e-05 -2.62362482e-03 7.04002356e-01
0.00000000e+00 0.00000000e+00 0.00000000e+00 1.00000000e+00
-2.62981355e-03 1.92958946e-04 -9.99996523e-01 3.01322329e-01
-8.33299816e-05 9.99999978e-01 1.93178756e-04 -3.45177489e-05
9.99996539e-01 8.38377160e-05 -2.62979741e-03 7.04004217e-01
0.00000000e+00 0.00000000e+00 0.00000000e+00 1.00000000e+00
-2.62902837e-03 1.87572935e-04 -9.99996527e-01 3.01323189e-01
-7.18294885e-05 9.99999980e-01 1.87762425e-04 -3.32081768e-05
9.99996542e-01 7.23228718e-05 -2.62901484e-03 7.04002605e-01
0.00000000e+00 0.00000000e+00 0.00000000e+00 1.00000000e+00
-2.62614683e-03 1.87572995e-04 -9.99996534e-01 3.01323679e-01
-7.18297559e-05 9.99999980e-01 1.87762277e-04 -3.32082224e-05
9.99996549e-01 7.23225982e-05 -2.62613330e-03 7.04002356e-01
0.00000000e+00 0.00000000e+00 0.00000000e+00 1.00000000e+00
-2.62363812e-03 1.72898797e-04 -9.99996543e-01 3.01323860e-01
-7.18383037e-05 9.99999982e-01 1.73087870e-04 -3.22532321e-05
9.99996556e-01 7.22921753e-05 -2.62362565e-03 7.04002356e-01
0.00000000e+00 0.00000000e+00 0.00000000e+00 1.00000000e+00
-2.62924560e-03 1.72898795e-04 -9.99996529e-01 3.01323456e-01
-7.18378017e-05 9.99999982e-01 1.73088273e-04 -3.22531959e-05
9.99996541e-01 7.22926439e-05 -2.62923313e-03 7.04002355e-01
0.00000000e+00 0.00000000e+00 0.00000000e+00 1.00000000e+00
-2.63507234e-03 1.65767535e-04 -9.99996514e-01 3.01322900e-01
-7.18560705e-05 9.99999984e-01 1.65957457e-04 -3.01043756e-05
9.99996526e-01 7.22931299e-05 -2.63506039e-03 7.04002927e-01
0.00000000e+00 0.00000000e+00 0.00000000e+00 1.00000000e+00
-2.64740997e-03 1.47590979e-04 -9.99996485e-01 3.01321526e-01
-7.18676389e-05 9.99999986e-01 1.47781760e-04 -2.86717616e-05
9.99996493e-01 7.22586252e-05 -2.64739932e-03 7.04003805e-01
0.00000000e+00 0.00000000e+00 0.00000000e+00 1.00000000e+00
-2.66627741e-03 1.18780941e-04 -9.99996438e-01 3.01319481e-01
-7.19020867e-05 9.99999990e-01 1.18973075e-04 -2.46128679e-05
9.99996443e-01 7.22190458e-05 -2.66626884e-03 7.04005537e-01
0.00000000e+00 0.00000000e+00 0.00000000e+00 1.00000000e+00
-2.67971818e-03 9.79634470e-05 -9.99996405e-01 3.01318121e-01
-7.19232244e-05 9.99999993e-01 9.81565332e-05 -2.21388491e-05
9.99996407e-01 7.21859976e-05 -2.67971111e-03 7.04006783e-01
0.00000000e+00 0.00000000e+00 0.00000000e+00 1.00000000e+00
-2.69394549e-03 8.61743850e-05 -9.99996368e-01 3.01317368e-01
-6.61842192e-05 9.99999994e-01 8.63529949e-05 -2.01398537e-05
9.99996369e-01 6.64166090e-05 -2.69393977e-03 7.04006542e-01
0.00000000e+00 0.00000000e+00 0.00000000e+00 1.00000000e+00
-2.69417006e-03 7.65870266e-05 -9.99996368e-01 3.01317275e-01
-6.61842077e-05 9.99999995e-01 7.67656165e-05 -2.01398490e-05
9.99996369e-01 6.63907869e-05 -2.69416497e-03 7.04006609e-01
0.00000000e+00 0.00000000e+00 0.00000000e+00 1.00000000e+00
-2.69475155e-03 7.65870373e-05 -9.99996366e-01 3.01317289e-01
-6.61841783e-05 9.99999995e-01 7.67656658e-05 -2.01398497e-05
9.99996367e-01 6.63908022e-05 -2.69474647e-03 7.04006560e-01
0.00000000e+00 0.00000000e+00 0.00000000e+00 1.00000000e+00
-2.69685784e-03 7.50021518e-05 -9.99996361e-01 3.01316931e-01
-6.61883444e-05 9.99999995e-01 7.51809256e-05 -1.96623356e-05
9.99996361e-01 6.63908557e-05 -2.69685286e-03 7.04007419e-01
0.00000000e+00 0.00000000e+00 0.00000000e+00 1.00000000e+00
-2.68619386e-03 6.80835145e-05 -9.99996390e-01 3.01318271e-01
-6.12250714e-05 9.99999996e-01 6.82482230e-05 -1.61992914e-05
9.99996390e-01 6.14081783e-05 -2.68618968e-03 7.04004206e-01
0.00000000e+00 0.00000000e+00 0.00000000e+00 1.00000000e+00
-2.66447486e-03 5.81272757e-05 -9.99996449e-01 3.01319659e-01
-5.85792082e-05 9.99999997e-01 5.82835653e-05 -1.24252627e-05
9.99996449e-01 5.87342953e-05 -2.66447144e-03 7.04000465e-01
0.00000000e+00 0.00000000e+00 0.00000000e+00 1.00000000e+00
-2.63187218e-03 3.23295480e-05 -9.99996536e-01 3.01322313e-01
-5.09644488e-05 9.99999998e-01 3.24637923e-05 -5.66844315e-06
9.99996535e-01 5.10497128e-05 -2.63187053e-03 7.03992917e-01
0.00000000e+00 0.00000000e+00 0.00000000e+00 1.00000000e+00
-2.58663745e-03 -1.76568895e-06 -9.99996655e-01 3.01325419e-01
-4.14410002e-05 9.99999999e-01 -1.65850165e-06 2.42606292e-06
9.99996654e-01 4.14365717e-05 -2.58663752e-03 7.03985493e-01
0.00000000e+00 0.00000000e+00 0.00000000e+00 1.00000000e+00
-2.56501785e-03 -1.54707063e-05 -9.99996710e-01 3.01326784e-01
-4.59766053e-05 9.99999999e-01 -1.53528260e-05 4.48850819e-06
9.99996709e-01 4.59370738e-05 -2.56501856e-03 7.03981818e-01
0.00000000e+00 0.00000000e+00 0.00000000e+00 1.00000000e+00
-2.54681941e-03 -2.41564863e-05 -9.99996757e-01 3.01328718e-01
-4.14826599e-05 9.99999999e-01 -2.40509155e-05 7.44000706e-06
9.99996756e-01 4.14212720e-05 -2.54682041e-03 7.03979209e-01
0.00000000e+00 0.00000000e+00 0.00000000e+00 1.00000000e+00
-2.54582441e-03 -3.38066726e-05 -9.99996759e-01 3.01328433e-01
-5.10699285e-05 9.99999998e-01 -3.36767666e-05 6.74971140e-06
9.99996758e-01 5.09840278e-05 -2.54582614e-03 7.03978910e-01
0.00000000e+00 0.00000000e+00 0.00000000e+00 1.00000000e+00
-2.54686719e-03 -3.28914242e-05 -9.99996756e-01 3.01326994e-01
-4.23408505e-05 9.99999999e-01 -3.27836940e-05 7.37815785e-06
9.99996756e-01 4.22572174e-05 -2.54686858e-03 7.03980302e-01
0.00000000e+00 0.00000000e+00 0.00000000e+00 1.00000000e+00
-2.54473500e-03 -2.41899375e-05 -9.99996762e-01 3.01328690e-01
-4.65970340e-05 9.99999999e-01 -2.40714383e-05 7.07176596e-06
9.99996761e-01 4.65356277e-05 -2.54473612e-03 7.03978581e-01
0.00000000e+00 0.00000000e+00 0.00000000e+00 1.00000000e+00
-2.54604214e-03 -2.41564541e-05 -9.99996759e-01 3.01328559e-01
-4.14826330e-05 9.99999999e-01 -2.40509155e-05 7.44000156e-06
9.99996758e-01 4.14212639e-05 -2.54604314e-03 7.03978975e-01
0.00000000e+00 0.00000000e+00 0.00000000e+00 1.00000000e+00
-2.54267076e-03 -1.86728780e-05 -9.99996767e-01 3.01328855e-01
-5.10557161e-05 9.99999999e-01 -1.85431200e-05 5.07843056e-06
9.99996766e-01 5.10084020e-05 -2.54267171e-03 7.03978743e-01
0.00000000e+00 0.00000000e+00 0.00000000e+00 1.00000000e+00
-2.53435623e-03 -1.54401714e-05 -9.99996788e-01 3.01333397e-01
-4.14601399e-05 9.99999999e-01 -1.53351459e-05 4.81380764e-06
9.99996788e-01 4.14211420e-05 -2.53435686e-03 7.03975454e-01
0.00000000e+00 0.00000000e+00 0.00000000e+00 1.00000000e+00
-2.44104846e-03 3.89840722e-05 -9.99997020e-01 3.01380224e-01
-1.14668772e-05 9.99999999e-01 3.90121796e-05 -1.97865284e-05
9.99997021e-01 1.15620736e-05 -2.44104801e-03 7.03947334e-01
0.00000000e+00 0.00000000e+00 0.00000000e+00 1.00000000e+00
-2.44498130e-03 5.72880888e-05 -9.99997009e-01 3.01389794e-01
9.87833833e-07 9.99999998e-01 5.72858448e-05 -2.43861259e-05
9.99997011e-01 -8.47768060e-07 -2.44498135e-03 7.03942804e-01
0.00000000e+00 0.00000000e+00 0.00000000e+00 1.00000000e+00
-2.63200925e-03 3.62099574e-05 -9.99996536e-01 3.01347446e-01
-5.09794831e-05 9.99999998e-01 3.63442617e-05 -3.94817664e-06
9.99996535e-01 5.10749649e-05 -2.63200740e-03 7.03979900e-01
0.00000000e+00 0.00000000e+00 0.00000000e+00 1.00000000e+00
-2.67812342e-03 3.63417892e-05 -9.99996413e-01 3.01338996e-01
-7.81415043e-05 9.99999996e-01 3.65511927e-05 -2.16011576e-07
9.99996411e-01 7.82391126e-05 -2.67812057e-03 7.03987038e-01
0.00000000e+00 0.00000000e+00 0.00000000e+00 1.00000000e+00
-2.70935600e-03 3.95279057e-05 -9.99996329e-01 3.01334144e-01
-8.74794621e-05 9.99999995e-01 3.97650645e-05 1.02293054e-06
9.99996326e-01 8.75868787e-05 -2.70935253e-03 7.03990771e-01
0.00000000e+00 0.00000000e+00 0.00000000e+00 1.00000000e+00
-2.60248868e-03 3.15434470e-05 -9.99996613e-01 3.01354003e-01
-1.25432786e-05 9.99999999e-01 3.15761977e-05 -1.12618128e-05
9.99996613e-01 1.26254128e-05 -2.60248828e-03 7.03990912e-01
0.00000000e+00 0.00000000e+00 0.00000000e+00 1.00000000e+00
-2.58271291e-03 3.84757975e-05 -9.99996664e-01 3.01356238e-01
8.86037264e-07 9.99999999e-01 3.84736374e-05 -1.12022242e-05
9.99996665e-01 -7.86667948e-07 -2.58271294e-03 7.03991105e-01
0.00000000e+00 0.00000000e+00 0.00000000e+00 1.00000000e+00
-2.56502165e-03 4.34410301e-05 -9.99996709e-01 3.01357848e-01
8.56782290e-06 9.99999999e-01 4.34191963e-05 -1.21311119e-05
9.99996710e-01 -8.45642353e-06 -2.56502202e-03 7.03991489e-01
0.00000000e+00 0.00000000e+00 0.00000000e+00 1.00000000e+00
-2.56644211e-03 4.91464385e-05 -9.99996705e-01 3.01358286e-01
8.56065203e-06 9.99999999e-01 4.91246298e-05 -1.12820569e-05
9.99996707e-01 -8.43454831e-06 -2.56644252e-03 7.03991917e-01
0.00000000e+00 0.00000000e+00 0.00000000e+00 1.00000000e+00
-2.56351077e-03 5.27937593e-05 -9.99996713e-01 3.01358710e-01
8.28554561e-06 9.99999999e-01 5.27726927e-05 -1.20812856e-05
9.99996714e-01 -8.15023501e-06 -2.56351120e-03 7.03990825e-01
0.00000000e+00 0.00000000e+00 0.00000000e+00 1.00000000e+00
