-2.66678619e-03 6.39438472e-05 -9.99996442e-01 3.01328500e-01
-5.09821692e-05 9.99999997e-01 6.40800336e-05 -3.63974374e-06
9.99996443e-01 5.11528756e-05 -2.66678292e-03 7.04007270e-01
0.00000000e+00 0.00000000e+00 0.00000000e+00 1.00000000e+00
-2.66715479e-03 -7.42200044e-06 -9.99996443e-01 3.01329986e-01
-3.37366758e-05 9.99999999e-01 -7.33204558e-06 -1.08050323e-06
9.99996443e-01 3.37170001e-05 -2.66715504e-03 7.04002999e-01
0.00000000e+00 0.00000000e+00 0.00000000e+00 1.00000000e+00
-2.66715479e-03 -7.42200044e-06 -9.99996443e-01 3.01329986e-01
-3.37366758e-05 9.99999999e-01 -7.33204558e-06 -1.08050323e-06
9.99996443e-01 3.37170001e-05 -2.66715504e-03 7.04002999e-01
0.00000000e+00 0.00000000e+00 0.00000000e+00 1.00000000e+00
-2.66715479e-03 -7.42200044e-06 -9.99996443e-01 3.01329986e-01
-3.37366758e-05 9.99999999e-01 -7.33204558e-06 -1.08050323e-06
9.99996443e-01 3.37170001e-05 -2.66715504e-03 7.04002999e-01
0.00000000e+00 0.00000000e+00 0.00000000e+00 1.00000000e+00
-2.67306624e-03 7.53381375e-06 -9.99996427e-01 3.01329134e-01
-4.14023128e-05 9.99999999e-01 7.64451218e-06 -2.11024951e-06
9.99996426e-01 4.14225992e-05 -2.67306593e-03 7.04004781e-01
0.00000000e+00 0.00000000e+00 0.00000000e+00 1.00000000e+00
-2.66668341e-03 7.53407814e-06 -9.99996444e-01 3.01329412e-01
-4.14022944e-05 9.99999999e-01 7.64451213e-06 -2.11024871e-06
9.99996444e-01 4.14225327e-05 -2.66668309e-03 7.04002857e-01
0.00000000e+00 0.00000000e+00 0.00000000e+00 1.00000000e+00
-2.64467414e-03 3.49406098e-06 -9.99996503e-01 3.01331725e-01
-4.13875624e-05 9.99999999e-01 3.60353019e-06 -3.78155371e-06
9.99996502e-01 4.13969478e-05 -2.64467399e-03 7.03996225e-01
0.00000000e+00 0.00000000e+00 0.00000000e+00 1.00000000e+00
-2.63246319e-03 -6.37796977e-06 -9.99996535e-01 3.01327596e-01
-4.13479642e-05 9.99999999e-01 -6.26914449e-06 -8.31789840e-06
9.99996534e-01 4.13313177e-05 -2.63246345e-03 7.03992545e-01
0.00000000e+00 0.00000000e+00 0.00000000e+00 1.00000000e+00
-2.59679381e-03 1.02623689e-05 -9.99996628e-01 3.01326903e-01
-4.13053858e-05 9.99999999e-01 1.03696654e-05 -1.33317395e-05
9.99996627e-01 4.13321745e-05 -2.59679338e-03 7.03984599e-01
0.00000000e+00 0.00000000e+00 0.00000000e+00 1.00000000e+00
-2.58965272e-03 1.82228419e-05 -9.99996647e-01 3.01324859e-01
-5.08643479e-05 9.99999999e-01 1.83546244e-05 -1.73483232e-05
9.99996646e-01 5.09117094e-05 -2.58965179e-03 7.03982447e-01
0.00000000e+00 0.00000000e+00 0.00000000e+00 1.00000000e+00
-2.58163613e-03 1.17820248e-05 -9.99996668e-01 3.01325787e-01
-5.85241844e-05 9.99999998e-01 1.19331527e-05 -1.91105437e-05
9.99996666e-01 5.85547965e-05 -2.58163544e-03 7.03980031e-01
0.00000000e+00 0.00000000e+00 0.00000000e+00 1.00000000e+00
-2.55591108e-03 1.49022620e-07 -9.99996734e-01 3.01329289e-01
-2.02066214e-05 1.00000000e+00 2.00669603e-07 -1.27682211e-05
9.99996733e-01 2.02070683e-05 -2.55591107e-03 7.03972279e-01
0.00000000e+00 0.00000000e+00 0.00000000e+00 1.00000000e+00
-2.56429667e-03 4.31167507e-06 -9.99996712e-01 3.01328685e-01
-3.92150481e-05 9.99999999e-01 4.41224859e-06 -1.54294077e-05
9.99996711e-01 3.92262335e-05 -2.56429650e-03 7.03972278e-01
0.00000000e+00 0.00000000e+00 0.00000000e+00 1.00000000e+00
-2.56151456e-03 4.81535932e-06 -9.99996719e-01 3.01328885e-01
-3.36164562e-05 9.99999999e-01 4.90148444e-06 -1.51671449e-05
9.99996719e-01 3.36289011e-05 -2.56151439e-03 7.03972278e-01
0.00000000e+00 0.00000000e+00 0.00000000e+00 1.00000000e+00
-2.56261394e-03 -1.02989569e-06 -9.99996716e-01 3.01330225e-01
-3.36245316e-05 9.99999999e-01 -9.43732098e-07 -1.42121721e-05
9.99996716e-01 3.36220028e-05 -2.56261397e-03 7.03972610e-01
0.00000000e+00 0.00000000e+00 0.00000000e+00 1.00000000e+00
-2.56774070e-03 -1.04995118e-05 -9.99996703e-01 3.01332459e-01
-2.97812734e-05 1.00000000e+00 -1.04230756e-05 -1.48911817e-05
9.99996703e-01 2.97544114e-05 -2.56774101e-03 7.03974155e-01
0.00000000e+00 0.00000000e+00 0.00000000e+00 1.00000000e+00
-2.57623143e-03 -3.39365542e-06 -9.99996682e-01 3.01338409e-01
-3.35974631e-05 9.99999999e-01 -3.30711155e-06 -1.73164242e-05
9.99996681e-01 3.35888318e-05 -2.57623154e-03 7.03975599e-01
0.00000000e+00 0.00000000e+00 0.00000000e+00 1.00000000e+00
-2.58919646e-03 -8.90082528e-07 -9.99996648e-01 3.01340125e-01
-3.35804111e-05 9.99999999e-01 -8.03138938e-07 -1.92266317e-05
9.99996647e-01 3.35782190e-05 -2.58919649e-03 7.03977781e-01
0.00000000e+00 0.00000000e+00 0.00000000e+00 1.00000000e+00
-2.60490922e-03 -1.56755941e-06 -9.99996607e-01 3.01341527e-01
-3.35609605e-05 9.99999999e-01 -1.48014118e-06 -2.13756111e-05
9.99996607e-01 3.35569910e-05 -2.60490927e-03 7.03979712e-01
0.00000000e+00 0.00000000e+00 0.00000000e+00 1.00000000e+00
-2.60448061e-03 -9.14924187e-06 -9.99996608e-01 3.01342872e-01
-4.12308345e-05 9.99999999e-01 -9.04188762e-06 -2.19279246e-05
9.99996607e-01 4.12071452e-05 -2.60448099e-03 7.03979583e-01
0.00000000e+00 0.00000000e+00 0.00000000e+00 1.00000000e+00
-2.60764200e-03 -7.56467585e-06 -9.99996600e-01 3.01342845e-01
-4.12265034e-05 9.99999999e-01 -7.45719724e-06 -2.24054598e-05
9.99996599e-01 4.12069175e-05 -2.60764231e-03 7.03980536e-01
0.00000000e+00 0.00000000e+00 0.00000000e+00 1.00000000e+00
-2.61185829e-03 -7.62742133e-06 -9.99996589e-01 3.01342725e-01
-5.08135384e-05 9.99999999e-01 -7.49472912e-06 -2.30957381e-05
9.99996588e-01 5.07937899e-05 -2.61185867e-03 7.03979446e-01
0.00000000e+00 0.00000000e+00 0.00000000e+00 1.00000000e+00
-2.60764261e-03 -7.62760619e-06 -9.99996600e-01 3.01342845e-01
-5.08138085e-05 9.99999999e-01 -7.49512741e-06 -2.30957458e-05
9.99996599e-01 5.07940912e-05 -2.60764300e-03 7.03980536e-01
0.00000000e+00 0.00000000e+00 0.00000000e+00 1.00000000e+00
-2.60499310e-03 -4.41611392e-06 -9.99996607e-01 3.01343226e-01
-5.08139793e-05 9.99999999e-01 -4.28375838e-06 -2.30957704e-05
9.99996606e-01 5.08026477e-05 -2.60499332e-03 7.03979737e-01
0.00000000e+00 0.00000000e+00 0.00000000e+00 1.00000000e+00
-2.60728635e-03 -1.87502064e-06 -9.99996601e-01 3.01343107e-01
-5.08138321e-05 9.99999999e-01 -1.74254035e-06 -2.30957627e-05
9.99996600e-01 5.08091161e-05 -2.60728644e-03 7.03979544e-01
0.00000000e+00 0.00000000e+00 0.00000000e+00 1.00000000e+00
-2.59893433e-03 -6.25081766e-06 -9.99996623e-01 3.01345168e-01
-4.12236510e-05 9.99999999e-01 -6.14370084e-06 -2.28014263e-05
9.99996622e-01 4.12075447e-05 -2.59893459e-03 7.03977912e-01
0.00000000e+00 0.00000000e+00 0.00000000e+00 1.00000000e+00
-2.59164793e-03 1.35776625e-06 -9.99996642e-01 3.01347050e-01
-4.12193204e-05 9.99999999e-01 1.46459713e-06 -2.33608136e-05
9.99996641e-01 4.12229777e-05 -2.59164787e-03 7.03975813e-01
0.00000000e+00 0.00000000e+00 0.00000000e+00 1.00000000e+00
-2.57693430e-03 1.81269083e-05 -9.99996680e-01 3.01350621e-01
-3.35320920e-05 9.99999999e-01 1.82133787e-05 -2.49577899e-05
9.99996679e-01 3.35789154e-05 -2.57693369e-03 7.03971567e-01
0.00000000e+00 0.00000000e+00 0.00000000e+00 1.00000000e+00
-2.55195605e-03 2.52192751e-05 -9.99996743e-01 3.01355541e-01
-2.01036475e-05 9.99999999e-01 2.52706610e-05 -2.49468694e-05
9.99996744e-01 2.01680716e-05 -2.55195555e-03 7.03966559e-01
0.00000000e+00 0.00000000e+00 0.00000000e+00 1.00000000e+00
-2.54214038e-03 3.80510592e-05 -9.99996768e-01 3.01357810e-01
-8.59159072e-06 9.99999999e-01 3.80730232e-05 -2.50738178e-05
9.99996769e-01 8.68834992e-06 -2.54214005e-03 7.03963601e-01
0.00000000e+00 0.00000000e+00 0.00000000e+00 1.00000000e+00
-2.52725681e-03 5.11090013e-05 -9.99996805e-01 3.01361664e-01
1.82696754e-05 9.99999999e-01 5.10629922e-05 -2.52903724e-05
9.99996806e-01 -1.81405677e-05 -2.52725774e-03 7.03959117e-01
0.00000000e+00 0.00000000e+00 0.00000000e+00 1.00000000e+00
-2.51273089e-03 6.07954666e-05 -9.99996841e-01 3.01365369e-01
3.36080782e-05 9.99999998e-01 6.07112102e-05 -2.41862421e-05
9.99996843e-01 -3.34554211e-05 -2.51273292e-03 7.03954739e-01
0.00000000e+00 0.00000000e+00 0.00000000e+00 1.00000000e+00
-2.50285370e-03 6.64473200e-05 -9.99996866e-01 3.01366476e-01
3.36117538e-05 9.99999997e-01 6.63634026e-05 -2.47339393e-05
9.99996867e-01 -3.34455505e-05 -2.50285592e-03 7.03953488e-01
0.00000000e+00 0.00000000e+00 0.00000000e+00 1.00000000e+00
-2.49783708e-03 8.08889917e-05 -9.99996877e-01 3.01367784e-01
3.36186382e-05 9.99999996e-01 8.08052699e-05 -2.56191801e-05
9.99996880e-01 -3.34166948e-05 -2.49783979e-03 7.03951976e-01
0.00000000e+00 0.00000000e+00 0.00000000e+00 1.00000000e+00
-2.49034803e-03 8.26591956e-05 -9.99996896e-01 3.01369346e-01
4.70443628e-05 9.99999995e-01 8.25422946e-05 -2.51603478e-05
9.99996898e-01 -4.68386578e-05 -2.49035190e-03 7.03949720e-01
0.00000000e+00 0.00000000e+00 0.00000000e+00 1.00000000e+00
-2.48778415e-03 7.18321625e-05 -9.99996903e-01 3.01369449e-01
4.70458055e-05 9.99999996e-01 7.17153445e-05 -2.53646061e-05
9.99996904e-01 -4.68672475e-05 -2.48778752e-03 7.03950062e-01
0.00000000e+00 0.00000000e+00 0.00000000e+00 1.00000000e+00
-2.47231303e-03 3.20711657e-05 -9.99996943e-01 3.01371942e-01
4.69934374e-05 9.99999998e-01 3.19550808e-05 -1.91609827e-05
9.99996943e-01 -4.69142908e-05 -2.47231453e-03 7.03944284e-01
0.00000000e+00 0.00000000e+00 0.00000000e+00 1.00000000e+00
-2.47285580e-03 3.32774414e-05 -9.99996942e-01 3.01371886e-01
4.69944940e-05 9.99999998e-01 3.31613321e-05 -1.92847981e-05
9.99996941e-01 -4.69123471e-05 -2.47285736e-03 7.03944359e-01
0.00000000e+00 0.00000000e+00 0.00000000e+00 1.00000000e+00
-2.48278119e-03 3.51078723e-05 -9.99996917e-01 3.01370847e-01
4.69874781e-05 9.99999998e-01 3.49913205e-05 -1.83423999e-05
9.99996917e-01 -4.69004574e-05 -2.48278283e-03 7.03945714e-01
0.00000000e+00 0.00000000e+00 0.00000000e+00 1.00000000e+00
-2.48657905e-03 2.11772694e-05 -9.99996908e-01 3.01370301e-01
4.31182534e-05 9.99999999e-01 2.10701176e-05 -1.44276081e-05
9.99996908e-01 -4.30657276e-05 -2.48657996e-03 7.03946858e-01
0.00000000e+00 0.00000000e+00 0.00000000e+00 1.00000000e+00
-2.51306760e-03 1.83122020e-06 -9.99996842e-01 3.01367096e-01
3.92363175e-05 9.99999999e-01 1.73262215e-06 -8.88051658e-06
9.99996841e-01 -3.92318394e-05 -2.51306767e-03 7.03952292e-01
0.00000000e+00 0.00000000e+00 0.00000000e+00 1.00000000e+00
-2.55714664e-03 -2.99742780e-05 -9.99996730e-01 3.01362140e-01
3.34044020e-05 9.99999999e-01 -3.00597962e-05 2.79600773e-07
9.99996730e-01 -3.34811600e-05 -2.55714564e-03 7.03962444e-01
0.00000000e+00 0.00000000e+00 0.00000000e+00 1.00000000e+00
-2.59335604e-03 -6.20403742e-05 -9.99996635e-01 3.01357879e-01
1.79820714e-05 9.99999998e-01 -6.20872169e-05 8.80860451e-06
9.99996637e-01 -1.81430252e-05 -2.59335492e-03 7.03969366e-01
0.00000000e+00 0.00000000e+00 0.00000000e+00 1.00000000e+00
-2.63949730e-03 -8.43947456e-05 -9.99996513e-01 3.01352180e-01
6.35001146e-06 9.99999996e-01 -8.44118004e-05 1.75801553e-05
9.99996517e-01 -6.57279404e-06 -2.63949676e-03 7.03979316e-01
0.00000000e+00 0.00000000e+00 0.00000000e+00 1.00000000e+00
-2.67052595e-03 -1.04584451e-04 -9.99996429e-01 3.01348647e-01
-9.00305599e-06 9.99999994e-01 -1.04560781e-04 2.25323760e-05
9.99996434e-01 8.72379156e-06 -2.67052688e-03 7.03984749e-01
0.00000000e+00 0.00000000e+00 0.00000000e+00 1.00000000e+00
-2.68670723e-03 -1.08400345e-04 -9.99996385e-01 3.01347003e-01
-1.28597104e-05 9.99999994e-01 -1.08366186e-04 2.45540633e-05
9.99996391e-01 1.25685157e-05 -2.68670861e-03 7.03986749e-01
0.00000000e+00 0.00000000e+00 0.00000000e+00 1.00000000e+00
-2.70011542e-03 -1.14764434e-04 -9.99996348e-01 3.01346170e-01
-1.67128820e-05 9.99999993e-01 -1.14719725e-04 2.61880427e-05
9.99996355e-01 1.64030644e-05 -2.70011732e-03 7.03987986e-01
0.00000000e+00 0.00000000e+00 0.00000000e+00 1.00000000e+00
-1.02915610e-02 -1.89192913e-05 -9.99947040e-01 3.00801117e-01
6.48025739e-05 9.99999998e-01 -1.95872482e-05 -1.69224378e-05
9.99947038e-01 -6.50007253e-05 -1.02915597e-02 7.03940372e-01
0.00000000e+00 0.00000000e+00 0.00000000e+00 1.00000000e+00
-1.02853653e-02 -1.68341436e-05 -9.99947104e-01 3.00801563e-01
6.48235784e-05 9.99999998e-01 -1.75018035e-05 -1.75496871e-05
9.99947102e-01 -6.50001620e-05 -1.02853642e-02 7.03940377e-01
0.00000000e+00 0.00000000e+00 0.00000000e+00 1.00000000e+00
2.74295053e-03 -1.02543750e-04 -9.99996233e-01 3.04619418e-01
6.42437408e-05 9.99999993e-01 -1.02367917e-04 2.43769146e-05
9.99996236e-01 -6.39627086e-05 2.74295709e-03 7.00001415e-01
0.00000000e+00 0.00000000e+00 0.00000000e+00 1.00000000e+00
2.74339866e-03 -9.38826292e-05 -9.99996232e-01 3.04619481e-01
6.42463108e-05 9.99999994e-01 -9.37067284e-05 2.46590568e-05
9.99996235e-01 -6.39889938e-05 2.74340467e-03 7.00001280e-01
0.00000000e+00 0.00000000e+00 0.00000000e+00 1.00000000e+00
2.18290571e-02 -8.84640072e-05 -9.99761714e-01 3.03110081e-01
6.53449135e-05 9.99999994e-01 -8.70583336e-05 2.36699403e-05
9.99761716e-01 -6.34289413e-05 2.18290628e-02 7.11728594e-01
0.00000000e+00 0.00000000e+00 0.00000000e+00 1.00000000e+00
9.07874119e-02 -7.38114182e-05 -9.95870293e-01 2.93957490e-01
5.95270832e-05 9.99999996e-01 -6.86907809e-05 2.03742948e-05
9.95870294e-01 -5.30449956e-05 9.07874159e-02 7.52606425e-01
0.00000000e+00 0.00000000e+00 0.00000000e+00 1.00000000e+00
2.07745943e-01 -3.06530066e-05 -9.78182816e-01 2.65273799e-01
5.48215796e-05 9.99999998e-01 -1.96937070e-05 1.17779270e-05
9.78182815e-01 -4.95342394e-05 2.07745944e-01 8.15955429e-01
0.00000000e+00 0.00000000e+00 0.00000000e+00 1.00000000e+00
4.04094219e-01 5.98639348e-05 -9.14717366e-01 1.81924629e-01
1.08888128e-05 9.99999997e-01 7.02556258e-05 -2.09064437e-06
9.14717367e-01 -3.83500783e-05 4.04094217e-01 8.96663025e-01
0.00000000e+00 0.00000000e+00 0.00000000e+00 1.00000000e+00
5.64414351e-01 1.35092490e-04 -8.25491624e-01 8.41554590e-02
-4.76173404e-05 9.99999990e-01 1.31093490e-04 -6.07711252e-06
8.25491634e-01 -3.46833315e-05 5.64414352e-01 9.26633914e-01
0.00000000e+00 0.00000000e+00 0.00000000e+00 1.00000000e+00
6.27072568e-01 1.60913138e-04 -7.78960826e-01 3.95775988e-02
-7.46228912e-05 9.99999986e-01 1.46501806e-04 -4.93864302e-06
7.78960839e-01 -3.37389545e-05 6.27072572e-01 9.25993784e-01
0.00000000e+00 0.00000000e+00 0.00000000e+00 1.00000000e+00
6.72046986e-01 1.76576156e-04 -7.40508486e-01 5.68785283e-03
-9.48029889e-05 9.99999984e-01 1.52414310e-04 -2.85535467e-06
7.40508501e-01 -3.22271598e-05 6.72046992e-01 9.20086239e-01
0.00000000e+00 0.00000000e+00 0.00000000e+00 1.00000000e+00
6.72019030e-01 1.73112873e-04 -7.40533857e-01 5.70971579e-03
-9.09492003e-05 9.99999984e-01 1.51233162e-04 -2.58010201e-06
7.40533872e-01 -3.42806008e-05 6.72019035e-01 9.20091606e-01
0.00000000e+00 0.00000000e+00 0.00000000e+00 1.00000000e+00
6.71999494e-01 1.79065601e-04 -7.40551584e-01 5.70863033e-03
-9.43949696e-05 9.99999983e-01 1.56143379e-04 -2.95431304e-06
7.40551599e-01 -3.50239274e-05 6.71999500e-01 9.20092862e-01
0.00000000e+00 0.00000000e+00 0.00000000e+00 1.00000000e+00
6.61464460e-01 -5.03301591e-03 -7.49959623e-01 -1.37970922e-02
3.11744691e-03 9.99987294e-01 -3.96137543e-03 2.30067506e-04
7.49970032e-01 2.82349756e-04 6.61471746e-01 9.19479292e-01
0.00000000e+00 0.00000000e+00 0.00000000e+00 1.00000000e+00
6.10093948e-01 -3.17727114e-02 -7.91691777e-01 -1.06489361e-01
2.07297923e-02 9.99493699e-01 -2.41375554e-02 1.50645884e-03
7.92057858e-01 -1.68542961e-03 6.10443699e-01 9.07086863e-01
0.00000000e+00 0.00000000e+00 0.00000000e+00 1.00000000e+00
5.33165244e-01 -6.70196941e-02 -8.43352348e-01 -2.28691825e-01
4.78001451e-02 9.97651254e-01 -4.90624185e-02 3.46559866e-03
8.44659676e-01 -1.41539882e-02 5.35116526e-01 8.64953061e-01
0.00000000e+00 0.00000000e+00 0.00000000e+00 1.00000000e+00
4.10790454e-01 -1.10755376e-01 -9.04977596e-01 -3.80838055e-01
9.29646839e-02 9.92508936e-01 -7.92690300e-02 6.72982796e-03
9.06977822e-01 -5.15679953e-02 4.18009535e-01 7.56738932e-01
0.00000000e+00 0.00000000e+00 0.00000000e+00 1.00000000e+00
3.40497250e-01 -1.28106753e-01 -9.31477473e-01 -4.44442996e-01
1.19779420e-01 9.88513176e-01 -9.21661047e-02 8.66289434e-03
9.32584856e-01 -8.01895261e-02 3.51930570e-01 6.79419089e-01
0.00000000e+00 0.00000000e+00 0.00000000e+00 1.00000000e+00
2.78185563e-01 -1.38445738e-01 -9.50497538e-01 -4.86381180e-01
1.44049821e-01 9.84379952e-01 -1.01221333e-01 1.04134600e-02
9.49664384e-01 -1.08760687e-01 2.93783375e-01 6.05290284e-01
0.00000000e+00 0.00000000e+00 0.00000000e+00 1.00000000e+00
2.74668388e-01 -1.38905612e-01 -9.51452841e-01 -4.88376895e-01
1.45477746e-01 9.84122839e-01 -1.01678237e-01 1.05164146e-02
9.50470148e-01 -1.10487417e-01 2.90515109e-01 6.00920944e-01
0.00000000e+00 0.00000000e+00 0.00000000e+00 1.00000000e+00
2.74621211e-01 -1.38875833e-01 -9.51470805e-01 -4.88381325e-01
1.45441848e-01 9.84129607e-01 -1.01664079e-01 1.05138301e-02
9.50489274e-01 -1.10464560e-01 2.90461223e-01 6.00921020e-01
0.00000000e+00 0.00000000e+00 0.00000000e+00 1.00000000e+00
2.74616109e-01 -1.38872261e-01 -9.51472799e-01 -4.88382487e-01
1.45432384e-01 9.84131025e-01 -1.01663889e-01 1.05131487e-02
9.50492196e-01 -1.10456416e-01 2.90454757e-01 6.00919317e-01
0.00000000e+00 0.00000000e+00 0.00000000e+00 1.00000000e+00
2.75294956e-01 -1.41292737e-01 -9.50920107e-01 -4.88021441e-01
1.43871378e-01 9.84056495e-01 -1.04565010e-01 7.79711078e-03
9.50533384e-01 -1.08023967e-01 2.91233770e-01 6.01304545e-01
0.00000000e+00 0.00000000e+00 0.00000000e+00 1.00000000e+00
2.83227599e-01 -1.92764638e-01 -9.39480666e-01 -4.72290104e-01
8.68844303e-02 9.80721400e-01 -1.75033231e-01 -6.78141465e-02
9.55109011e-01 -3.20520006e-02 2.94515613e-01 6.12743260e-01
0.00000000e+00 0.00000000e+00 0.00000000e+00 1.00000000e+00
3.05469742e-01 -2.41359298e-01 -9.21104731e-01 -4.41983292e-01
3.56757421e-02 9.69563759e-01 -2.42225841e-01 -1.45299272e-01
9.51533225e-01 4.11315704e-02 3.04783064e-01 6.24172799e-01
0.00000000e+00 0.00000000e+00 0.00000000e+00 1.00000000e+00
3.76475605e-01 -4.88744875e-01 -7.87016242e-01 1.43239322e-01
1.85752030e-01 8.72089713e-01 -4.52720352e-01 -3.10341966e-01
9.07613520e-01 2.42483037e-02 4.19105855e-01 6.98749539e-01
0.00000000e+00 0.00000000e+00 0.00000000e+00 1.00000000e+00
3.03402975e-01 -5.16596608e-01 -8.00671330e-01 1.86693023e-01
2.25325520e-01 8.55345825e-01 -4.66488939e-01 -2.63660183e-01
9.25837483e-01 -3.88775517e-02 3.75916867e-01 7.03729403e-01
0.00000000e+00 0.00000000e+00 0.00000000e+00 1.00000000e+00
2.33316280e-01 -5.36030983e-01 -8.11316398e-01 2.11116274e-01
2.46892949e-01 8.39657647e-01 -4.83755007e-01 -2.23581948e-01
9.40535691e-01 -8.74403796e-02 3.28248069e-01 7.06784219e-01
0.00000000e+00 0.00000000e+00 0.00000000e+00 1.00000000e+00
2.20166395e-01 -5.39084564e-01 -8.12966538e-01 2.14460038e-01
2.49541885e-01 8.36810935e-01 -4.87315409e-01 -2.16493514e-01
9.43003503e-01 -9.55787255e-02 3.18761825e-01 7.07229153e-01
0.00000000e+00 0.00000000e+00 0.00000000e+00 1.00000000e+00
2.20202683e-01 -5.39131172e-01 -8.12925801e-01 2.14462727e-01
2.49579089e-01 8.36781429e-01 -4.87347021e-01 -2.16492052e-01
9.42985184e-01 -9.55741596e-02 3.18817382e-01 7.07231852e-01
0.00000000e+00 0.00000000e+00 0.00000000e+00 1.00000000e+00
1.80155668e-01 -5.30385479e-01 -8.28393131e-01 1.96618970e-01
2.52143767e-01 8.38934356e-01 -4.82299354e-01 -2.17872835e-01
9.50772032e-01 -1.21985202e-01 2.84872172e-01 7.09461558e-01
0.00000000e+00 0.00000000e+00 0.00000000e+00 1.00000000e+00
6.01100960e-02 -5.01349221e-01 -8.63154526e-01 1.41908255e-01
2.70501934e-01 8.40543239e-01 -4.69378064e-01 -2.16021458e-01
9.60841028e-01 -2.05270608e-01 1.86141068e-01 7.14088663e-01
0.00000000e+00 0.00000000e+00 0.00000000e+00 1.00000000e+00
-1.23828145e-01 -4.49047429e-01 -8.84885867e-01 5.06748561e-02
3.33745529e-01 8.20951393e-01 -4.63306306e-01 -1.89559677e-01
9.34494790e-01 -3.52697062e-01 4.82106835e-02 7.13534891e-01
0.00000000e+00 0.00000000e+00 0.00000000e+00 1.00000000e+00
-2.63891771e-01 -4.14347281e-01 -8.71020932e-01 -4.00767174e-02
4.33102579e-01 7.55977031e-01 -4.90836922e-01 -1.08001350e-01
8.61848763e-01 -5.06769237e-01 -2.00412413e-02 6.93013029e-01
0.00000000e+00 0.00000000e+00 0.00000000e+00 1.00000000e+00
-2.05967374e-01 -4.42887629e-01 -8.72598412e-01 -4.80931945e-02
4.22524970e-01 7.64059086e-01 -4.87530884e-01 -1.16953190e-02
8.82638142e-01 -4.69110074e-01 2.97598384e-02 6.48363300e-01
0.00000000e+00 0.00000000e+00 0.00000000e+00 1.00000000e+00
-7.17991461e-02 -3.61364640e-01 -9.29656108e-01 -2.81602618e-03
2.35013391e-01 8.99690189e-01 -3.67867192e-01 1.81135509e-02
9.69336675e-01 -2.44894184e-01 2.03285420e-02 5.96839482e-01
0.00000000e+00 0.00000000e+00 0.00000000e+00 1.00000000e+00
-3.69236256e-02 -1.93216528e-01 -9.80461126e-01 2.45694377e-02
4.28265330e-02 9.79922822e-01 -1.94723269e-01 8.68044904e-03
9.98399987e-01 -4.91796398e-02 -2.79075094e-02 5.56945464e-01
0.00000000e+00 0.00000000e+00 0.00000000e+00 1.00000000e+00
-5.13015132e-02 -8.28876276e-02 -9.95237558e-01 3.29814775e-02
-5.31193478e-02 9.95365604e-01 -8.01601487e-02 -9.26099650e-04
9.97269517e-01 4.87540330e-02 -5.54666984e-02 5.36102285e-01
0.00000000e+00 0.00000000e+00 0.00000000e+00 1.00000000e+00
-6.60335246e-02 -2.62115902e-02 -9.97473070e-01 3.55773688e-02
-9.59286127e-02 9.95191247e-01 -1.98010766e-02 -6.03290892e-03
9.93195487e-01 9.43786729e-02 -6.82304272e-02 5.26008952e-01
0.00000000e+00 0.00000000e+00 0.00000000e+00 1.00000000e+00
-6.59576530e-02 -2.62421066e-02 -9.97477288e-01 3.55780415e-02
-9.58328424e-02 9.95199593e-01 -1.98452884e-02 -6.02492345e-03
9.93209774e-01 9.42821351e-02 -6.81558851e-02 5.26020521e-01
0.00000000e+00 0.00000000e+00 0.00000000e+00 1.00000000e+00
-5.03722103e-02 -3.53454315e-02 -9.98104875e-01 3.85387702e-02
-1.05787577e-01 9.93940352e-01 -2.98590832e-02 -6.28856794e-03
9.93112093e-01 1.04083028e-01 -5.38060800e-02 5.26013893e-01
0.00000000e+00 0.00000000e+00 0.00000000e+00 1.00000000e+00
1.27242969e-01 -1.17434412e-01 -9.84895114e-01 7.05365923e-02
-1.94917084e-01 9.70643923e-01 -1.40917367e-01 -5.68076019e-03
9.72531006e-01 2.09903628e-01 1.00617641e-01 5.24113234e-01
0.00000000e+00 0.00000000e+00 0.00000000e+00 1.00000000e+00
4.88827269e-01 -8.78617117e-03 -8.72336348e-01 3.29632738e-01
-3.15338056e-02 9.99117845e-01 -2.77335738e-02 -2.25581928e-03
8.71810484e-01 4.10650119e-02 4.88118986e-01 7.53819216e-01
0.00000000e+00 0.00000000e+00 0.00000000e+00 1.00000000e+00
5.10287212e-01 -7.54606686e-02 -8.56687019e-01 3.37510888e-01
-3.54348421e-02 9.93452209e-01 -1.08614363e-01 4.52412773e-03
8.59273724e-01 8.57810898e-02 5.04272022e-01 7.46094347e-01
0.00000000e+00 0.00000000e+00 0.00000000e+00 1.00000000e+00
7.43379481e-01 5.95230146e-02 -6.66216150e-01 4.28638554e-02
1.97018325e-01 -9.71329154e-01 1.33054326e-01 3.49737152e-01
-6.39195375e-01 -2.30166646e-01 -7.33793287e-01 1.23854570e-01
0.00000000e+00 0.00000000e+00 0.00000000e+00 1.00000000e+00
7.40749267e-01 1.86717403e-02 -6.71522070e-01 3.22792353e-02
1.78541329e-01 -9.69135135e-01 1.70000249e-01 3.41453809e-01
-6.47621431e-01 -2.45822002e-01 -7.21219818e-01 1.15713623e-01
0.00000000e+00 0.00000000e+00 0.00000000e+00 1.00000000e+00
7.40740640e-01 1.88142226e-02 -6.71527609e-01 3.22834263e-02
1.78647759e-01 -9.69131624e-01 1.69908424e-01 3.41474557e-01
-6.47601947e-01 -2.45824977e-01 -7.21236299e-01 1.15726705e-01
0.00000000e+00 0.00000000e+00 0.00000000e+00 1.00000000e+00
7.40740814e-01 1.88113008e-02 -6.71527499e-01 3.22831915e-02
1.78645603e-01 -9.69131687e-01 1.69910334e-01 3.41474386e-01
-6.47602343e-01 -2.45824954e-01 -7.21235951e-01 1.15726677e-01
0.00000000e+00 0.00000000e+00 0.00000000e+00 1.00000000e+00
4.55004774e-01 -4.26223481e-02 -8.89468375e-01 -2.49793767e-01
-7.00570554e-01 5.99461686e-01 -3.87100228e-01 -5.19251433e-01
5.49701332e-01 7.99267804e-01 2.42897967e-01 5.18411855e-01
0.00000000e+00 0.00000000e+00 0.00000000e+00 1.00000000e+00
4.55029799e-01 -4.26572640e-02 -8.89453900e-01 -2.49783743e-01
-7.00525368e-01 5.99496351e-01 -3.87128317e-01 -5.19238486e-01
5.49738202e-01 7.99239941e-01 2.42906209e-01 5.18452158e-01
0.00000000e+00 0.00000000e+00 0.00000000e+00 1.00000000e+00
4.54989773e-01 -4.27302278e-02 -8.89470873e-01 -2.49783355e-01
-7.00508431e-01 5.99514542e-01 -3.87130794e-01 -5.19237808e-01
5.49792910e-01 7.99222398e-01 2.42840101e-01 5.18460409e-01
0.00000000e+00 0.00000000e+00 0.00000000e+00 1.00000000e+00
4.54993358e-01 -4.27214319e-02 -8.89469462e-01 -2.49782782e-01
-7.00505072e-01 5.99520986e-01 -3.87126894e-01 -5.19237043e-01
5.49794224e-01 7.99218035e-01 2.42851486e-01 5.18462434e-01
0.00000000e+00 0.00000000e+00 0.00000000e+00 1.00000000e+00
4.88324994e-01 -2.47730946e-03 -8.72658331e-01 -2.00704904e-01
-6.56446060e-01 6.57850417e-01 -3.69203737e-01 -5.30732316e-01
5.74993279e-01 7.53144536e-01 3.19618581e-01 5.48149682e-01
0.00000000e+00 0.00000000e+00 0.00000000e+00 1.00000000e+00
5.24766685e-01 3.61509926e-02 -8.50478120e-01 -1.14663182e-01
-5.60140162e-01 7.66982512e-01 -3.13018889e-01 -5.29599980e-01
6.40985901e-01 6.40648836e-01 4.22736493e-01 5.96559674e-01
0.00000000e+00 0.00000000e+00 0.00000000e+00 1.00000000e+00
5.03586412e-01 8.55764916e-03 -8.63902478e-01 2.70249475e-02
-3.01326263e-01 9.38898608e-01 -1.66348691e-01 -4.59869995e-01
8.09693281e-01 3.44087446e-01 4.75395226e-01 6.69418596e-01
0.00000000e+00 0.00000000e+00 0.00000000e+00 1.00000000e+00
-9.30828641e-02 -1.57968057e-01 -9.83047137e-01 1.10337010e-01
3.27841852e-01 9.27412662e-01 -1.80070750e-01 -1.70635620e-01
9.40135788e-01 -3.39045495e-01 -3.45376863e-02 6.89068146e-01
0.00000000e+00 0.00000000e+00 0.00000000e+00 1.00000000e+00
-2.62758306e-01 -1.60528938e-01 -9.51413965e-01 9.36876762e-02
3.83797869e-01 8.87306304e-01 -2.55708267e-01 -1.24266038e-01
8.85244186e-01 -4.32340123e-01 -1.71536437e-01 6.70168453e-01
0.00000000e+00 0.00000000e+00 0.00000000e+00 1.00000000e+00
-3.61145133e-01 -1.56597236e-01 -9.19266827e-01 8.13400175e-02
4.01585796e-01 8.63584003e-01 -3.04879514e-01 -1.00653385e-01
8.41607415e-01 -4.79270253e-01 -2.48991933e-01 6.56479444e-01
0.00000000e+00 0.00000000e+00 0.00000000e+00 1.00000000e+00
4.28200825e-01 -3.41542159e-03 -9.03677148e-01 3.10078490e-01
-6.69420731e-03 9.99953432e-01 -6.95129632e-03 5.57066850e-03
9.03658808e-01 9.02595299e-03 4.28158021e-01 7.70972325e-01
0.00000000e+00 0.00000000e+00 0.00000000e+00 1.00000000e+00
4.27719396e-01 -7.38810202e-03 -9.03881372e-01 3.09686709e-01
-9.51630115e-03 9.99874373e-01 -1.26758674e-02 5.35576862e-03
9.03861471e-01 1.40233217e-02 4.27595355e-01 7.71556499e-01
0.00000000e+00 0.00000000e+00 0.00000000e+00 1.00000000e+00
4.21208707e-01 -1.70358442e-01 -8.90820535e-01 2.93851568e-01
-1.12033312e-01 9.64905511e-01 -2.37499246e-01 -2.81373275e-03
9.00017645e-01 1.99838325e-01 3.87340782e-01 7.92990711e-01
0.00000000e+00 0.00000000e+00 0.00000000e+00 1.00000000e+00
3.80548345e-01 9.56652493e-02 -9.19799498e-01 3.29657585e-01
-4.79887059e-02 9.95337560e-01 8.36673571e-02 -3.46638483e-03
9.23515046e-01 1.23005133e-02 3.83364913e-01 7.03421949e-01
0.00000000e+00 0.00000000e+00 0.00000000e+00 1.00000000e+00
3.73683052e-01 6.75064390e-02 -9.25096675e-01 3.26515653e-01
-2.07221856e-02 9.97706766e-01 6.44344565e-02 -1.50276452e-03
9.27324953e-01 -4.90803940e-03 3.74224991e-01 7.12183394e-01
0.00000000e+00 0.00000000e+00 0.00000000e+00 1.00000000e+00
3.44861570e-01 -3.90958378e-02 -9.37839012e-01 3.09945511e-01
9.28363375e-02 9.95654118e-01 -7.36826550e-03 6.67306641e-03
9.34051343e-01 -8.45245074e-02 3.46992357e-01 7.49070941e-01
0.00000000e+00 0.00000000e+00 0.00000000e+00 1.00000000e+00
3.01271052e-01 -1.77221409e-01 -9.36924930e-01 2.57528282e-01
2.91567585e-01 9.52636690e-01 -8.64388821e-02 2.09841158e-02
9.07867885e-01 -2.47135406e-01 3.38673876e-01 8.22374254e-01
0.00000000e+00 0.00000000e+00 0.00000000e+00 1.00000000e+00
2.97388501e-01 -1.62271625e-01 -9.40865559e-01 1.39447593e-01
3.64468245e-01 9.30117376e-01 -4.52168676e-02 2.62373858e-02
8.82452819e-01 -3.29468642e-01 3.35749067e-01 9.06064810e-01
0.00000000e+00 0.00000000e+00 0.00000000e+00 1.00000000e+00
2.01821500e-01 -4.84893039e-02 -9.78221278e-01 1.17234425e-02
1.93068326e-01 9.81145838e-01 -8.80142320e-03 1.39010293e-02
9.60204511e-01 -1.87087229e-01 2.07378074e-01 9.38573499e-01
0.00000000e+00 0.00000000e+00 0.00000000e+00 1.00000000e+00
7.16394296e-02 -1.63448408e-02 -9.97296665e-01 -5.76650577e-02
6.31738442e-02 9.97932572e-01 -1.18172568e-02 4.55117269e-03
9.95427977e-01 -6.21564826e-02 7.25238867e-02 9.37678344e-01
0.00000000e+00 0.00000000e+00 0.00000000e+00 1.00000000e+00
