9.36101640e-01 -1.21965662e-04 3.51729590e-01 9.38379022e-01
5.34281666e-05 9.99999978e-01 2.04564720e-04 -3.51716850e-06
-3.51729607e-01 -1.72701103e-04 9.36101626e-01 5.44426493e-01
0.00000000e+00 0.00000000e+00 0.00000000e+00 1.00000000e+00
9.36101640e-01 -1.22213344e-04 3.51729590e-01 9.38379022e-01
5.34282333e-05 9.99999978e-01 2.05268725e-04 -3.51717331e-06
-3.51729607e-01 -1.73360100e-04 9.36101626e-01 5.44426493e-01
0.00000000e+00 0.00000000e+00 0.00000000e+00 1.00000000e+00
9.32198623e-01 9.11576039e-02 3.50279916e-01 9.38635947e-01
-8.53932749e-02 9.95836463e-01 -3.19018365e-02 5.62120263e-03
-3.51729607e-01 -1.72701103e-04 9.36101626e-01 5.44426493e-01
0.00000000e+00 0.00000000e+00 0.00000000e+00 1.00000000e+00
8.78905215e-01 3.44132212e-01 3.30300839e-01 9.42144066e-01
-3.22191861e-01 9.38921188e-01 -1.20910739e-01 2.12090117e-02
-3.51735737e-01 -1.51162608e-04 9.36099326e-01 5.44428187e-01
0.00000000e+00 0.00000000e+00 0.00000000e+00 1.00000000e+00
7.66747981e-01 5.73621260e-01 2.88194697e-01 9.49529528e-01
-5.37000917e-01 8.19120646e-01 -2.01671470e-01 3.53475850e-02
-3.51749269e-01 -1.29623948e-04 9.36094245e-01 5.44432287e-01
0.00000000e+00 0.00000000e+00 0.00000000e+00 1.00000000e+00
6.44084310e-01 7.25626159e-01 2.42119969e-01 9.57606557e-01
-6.79274767e-01 6.88089142e-01 -2.55184492e-01 4.47096684e-02
-3.51768664e-01 -1.05658027e-04 9.36086959e-01 5.44441079e-01
0.00000000e+00 0.00000000e+00 0.00000000e+00 1.00000000e+00
6.44113590e-01 7.25595004e-01 2.42135445e-01 9.57606459e-01
-6.79238868e-01 6.88121996e-01 -2.55191456e-01 4.47053771e-02
-3.51784372e-01 -9.55209134e-05 9.36081058e-01 5.44446148e-01
0.00000000e+00 0.00000000e+00 0.00000000e+00 1.00000000e+00
6.44113901e-01 7.25597268e-01 2.42127831e-01 9.57606436e-01
-6.79239197e-01 6.88119610e-01 -2.55197015e-01 4.47054008e-02
-3.51783166e-01 -8.67687589e-05 9.36081512e-01 5.44446061e-01
0.00000000e+00 0.00000000e+00 0.00000000e+00 1.00000000e+00
6.44113958e-01 7.25596871e-01 2.42128869e-01 9.57606432e-01
-6.79239256e-01 6.88120028e-01 -2.55195730e-01 4.47054050e-02
-3.51782948e-01 -8.83010694e-05 9.36081594e-01 5.44446045e-01
0.00000000e+00 0.00000000e+00 0.00000000e+00 1.00000000e+00
6.44112339e-01 7.25596644e-01 2.42133857e-01 9.57606539e-01
-6.79240791e-01 6.88120266e-01 -2.55191000e-01 4.47055061e-02
-3.51782948e-01 -9.55205800e-05 9.36081593e-01 5.44446045e-01
0.00000000e+00 0.00000000e+00 0.00000000e+00 1.00000000e+00
6.44112339e-01 7.25596644e-01 2.42133857e-01 9.57606539e-01
-6.79240791e-01 6.88120266e-01 -2.55191000e-01 4.47055061e-02
-3.51782948e-01 -9.55205800e-05 9.36081593e-01 5.44446045e-01
0.00000000e+00 0.00000000e+00 0.00000000e+00 1.00000000e+00
6.44111626e-01 7.25595645e-01 2.42138748e-01 9.57606250e-01
-6.79238327e-01 6.88121319e-01 -2.55194721e-01 4.47056977e-02
-3.51789012e-01 -9.60314078e-05 9.36079314e-01 5.44445728e-01
0.00000000e+00 0.00000000e+00 0.00000000e+00 1.00000000e+00
6.44443953e-01 7.25259867e-01 2.42260431e-01 9.57585143e-01
-6.78924863e-01 6.88475211e-01 -2.55074330e-01 4.46842595e-02
-3.51785476e-01 -9.55204830e-05 9.36080643e-01 5.44446212e-01
0.00000000e+00 0.00000000e+00 0.00000000e+00 1.00000000e+00
7.93777199e-01 5.30008139e-01 2.98343980e-01 9.47754527e-01
-4.96158629e-01 8.47992550e-01 -1.86373952e-01 3.26565721e-02
-3.51773184e-01 -8.65466858e-05 9.36085263e-01 5.44442650e-01
0.00000000e+00 0.00000000e+00 0.00000000e+00 1.00000000e+00
8.94602151e-01 2.94428388e-01 3.36153115e-01 9.41109962e-01
-2.75637153e-01 9.55673543e-01 -1.03499951e-01 1.81446941e-02
-3.51725962e-01 -6.50088674e-05 9.36103009e-01 5.44426232e-01
0.00000000e+00 0.00000000e+00 0.00000000e+00 1.00000000e+00
9.35993826e-01 1.71482437e-02 3.51598487e-01 9.38371005e-01
-1.60664055e-02 9.99852957e-01 -5.99452477e-03 1.05786636e-03
-3.51649583e-01 -3.80857093e-05 9.36131705e-01 5.44399811e-01
0.00000000e+00 0.00000000e+00 0.00000000e+00 1.00000000e+00
9.36136038e-01 -6.84390564e-05 3.51638042e-01 9.38359526e-01
5.63832922e-05 9.99999997e-01 4.45248311e-05 -3.71264864e-06
-3.51638044e-01 -2.18547885e-05 9.36136040e-01 5.44395665e-01
0.00000000e+00 0.00000000e+00 0.00000000e+00 1.00000000e+00
9.36135168e-01 -6.91420999e-05 3.51640358e-01 9.38360014e-01
5.63834292e-05 9.99999997e-01 4.65236379e-05 -3.71263291e-06
-3.51640361e-01 -2.37257244e-05 9.36135170e-01 5.44396470e-01
0.00000000e+00 0.00000000e+00 0.00000000e+00 1.00000000e+00
9.36134341e-01 -6.94958746e-05 3.51642562e-01 9.38360478e-01
5.86080571e-05 9.99999997e-01 4.16071920e-05 -3.85908495e-06
-3.51642564e-01 -1.83408339e-05 9.36134342e-01 5.44397236e-01
0.00000000e+00 0.00000000e+00 0.00000000e+00 1.00000000e+00
9.36133356e-01 -7.15192557e-05 3.51645184e-01 9.38361030e-01
5.86085404e-05 9.99999997e-01 4.73598010e-05 -3.85908963e-06
-3.51645187e-01 -2.37256784e-05 9.36133357e-01 5.44398148e-01
0.00000000e+00 0.00000000e+00 0.00000000e+00 1.00000000e+00
9.36133271e-01 -7.78554617e-05 3.51645407e-01 9.38361528e-01
6.45397309e-05 9.99999997e-01 4.95887950e-05 -4.24957352e-06
-3.51645410e-01 -2.37266209e-05 9.36133273e-01 5.44396150e-01
0.00000000e+00 0.00000000e+00 0.00000000e+00 1.00000000e+00
9.36133271e-01 -7.78554617e-05 3.51645407e-01 9.38361528e-01
6.45397309e-05 9.99999997e-01 4.95887950e-05 -4.24957352e-06
-3.51645410e-01 -2.37266209e-05 9.36133273e-01 5.44396150e-01
0.00000000e+00 0.00000000e+00 0.00000000e+00 1.00000000e+00
9.36133271e-01 -7.78554617e-05 3.51645407e-01 9.38361528e-01
6.45397309e-05 9.99999997e-01 4.95887950e-05 -4.24957352e-06
-3.51645410e-01 -2.37266209e-05 9.36133273e-01 5.44396150e-01
0.00000000e+00 0.00000000e+00 0.00000000e+00 1.00000000e+00
9.36133271e-01 -7.78554617e-05 3.51645407e-01 9.38361528e-01
6.45397309e-05 9.99999997e-01 4.95887950e-05 -4.24957352e-06
-3.51645410e-01 -2.37266209e-05 9.36133273e-01 5.44396150e-01
0.00000000e+00 0.00000000e+00 0.00000000e+00 1.00000000e+00
9.41799129e-01 -7.21780642e-05 3.36176136e-01 9.30937867e-01
6.19457142e-05 9.99999997e-01 4.11618875e-05 -4.54247051e-06
-3.36176139e-01 -1.79415590e-05 9.41799131e-01 5.55816434e-01
0.00000000e+00 0.00000000e+00 0.00000000e+00 1.00000000e+00
9.55803143e-01 -6.56381388e-05 2.94007395e-01 9.06043077e-01
5.45370786e-05 9.99999997e-01 4.59560808e-05 -5.36087775e-06
-2.94007397e-01 -2.78906620e-05 9.55803144e-01 5.84749431e-01
0.00000000e+00 0.00000000e+00 0.00000000e+00 1.00000000e+00
9.73321496e-01 -4.00715663e-05 2.29445555e-01 8.56338118e-01
2.77754337e-05 9.99999998e-01 5.68201877e-05 -4.09888666e-06
-2.29445557e-01 -4.89313603e-05 9.73321496e-01 6.20513726e-01
0.00000000e+00 0.00000000e+00 0.00000000e+00 1.00000000e+00
9.91051979e-01 -1.35372868e-05 1.33476496e-01 7.62659314e-01
4.10947767e-06 9.99999997e-01 7.09082205e-05 -9.81524584e-07
-1.33476496e-01 -6.97252136e-05 9.91051976e-01 6.49187377e-01
0.00000000e+00 0.00000000e+00 0.00000000e+00 1.00000000e+00
9.97387042e-01 8.63047470e-06 7.22432555e-02 6.95304551e-01
-1.49936102e-05 9.99999996e-01 8.75370002e-05 4.58502731e-06
-7.22432544e-02 -8.83914569e-05 9.97387038e-01 6.49351345e-01
0.00000000e+00 0.00000000e+00 0.00000000e+00 1.00000000e+00
9.99561465e-01 2.54511632e-05 2.96121200e-02 6.47125010e-01
-2.84849085e-05 9.99999994e-01 1.02027607e-04 1.00630442e-05
-2.96121173e-02 -1.02826363e-04 9.99561460e-01 6.40418565e-01
0.00000000e+00 0.00000000e+00 0.00000000e+00 1.00000000e+00
9.99908009e-01 3.05629372e-05 1.35636406e-02 6.28928257e-01
-3.20221355e-05 9.99999994e-01 1.07364444e-04 1.18918864e-05
-1.35636372e-02 -1.07788904e-04 9.99908004e-01 6.35096235e-01
0.00000000e+00 0.00000000e+00 0.00000000e+00 1.00000000e+00
9.99908012e-01 3.29223592e-05 1.35634497e-02 6.28928413e-01
-3.43813199e-05 9.99999994e-01 1.07332447e-04 1.27674318e-05
-1.35634461e-02 -1.07788903e-04 9.99908006e-01 6.35096357e-01
0.00000000e+00 0.00000000e+00 0.00000000e+00 1.00000000e+00
9.99907994e-01 3.01719712e-05 1.35647389e-02 6.28928414e-01
-3.16610562e-05 9.99999993e-01 1.09561436e-04 1.17579189e-05
-1.35647355e-02 -1.09980830e-04 9.99907989e-01 6.35096449e-01
0.00000000e+00 0.00000000e+00 0.00000000e+00 1.00000000e+00
9.97539796e-01 4.52277744e-02 5.35612160e-02 6.61880168e-01
-4.51684969e-02 9.98976695e-01 -2.31733800e-03 1.53100375e-02
-5.36112146e-02 -1.07642745e-04 9.98561879e-01 6.48172291e-01
0.00000000e+00 0.00000000e+00 0.00000000e+00 1.00000000e+00
9.87654123e-01 1.10616260e-01 1.10920583e-01 7.10952661e-01
-1.09937652e-01 9.93863185e-01 -1.22344595e-02 3.21744127e-02
-1.11593214e-01 -1.10933998e-04 9.93753965e-01 6.61274951e-01
0.00000000e+00 0.00000000e+00 0.00000000e+00 1.00000000e+00
9.44645125e-01 2.42059928e-01 2.21478170e-01 8.09138213e-01
-2.35697119e-01 9.70261293e-01 -5.51352049e-02 4.76216678e-02
-2.28237720e-01 -1.18564082e-04 9.73605428e-01 6.67084788e-01
0.00000000e+00 0.00000000e+00 0.00000000e+00 1.00000000e+00
8.47606441e-01 4.05569476e-01 3.42164758e-01 9.16177812e-01
-3.76135626e-01 9.14064212e-01 -1.51685886e-01 3.71971117e-02
-3.74279725e-01 -1.30421169e-04 9.27315842e-01 6.38101920e-01
0.00000000e+00 0.00000000e+00 0.00000000e+00 1.00000000e+00
7.73671943e-01 4.95017328e-01 3.95461210e-01 9.61160230e-01
-4.40849020e-01 8.68883090e-01 -2.25153986e-01 2.21314405e-02
-4.55064683e-01 -1.43365426e-04 8.90458373e-01 6.06909528e-01
0.00000000e+00 0.00000000e+00 0.00000000e+00 1.00000000e+00
7.23807363e-01 5.46919561e-01 4.20692161e-01 9.81444648e-01
-4.72935478e-01 8.37185149e-01 -2.74687203e-01 1.21240611e-02
-5.02429034e-01 -1.39628854e-04 8.64618440e-01 5.84499466e-01
0.00000000e+00 0.00000000e+00 0.00000000e+00 1.00000000e+00
7.00365162e-01 5.69679859e-01 4.30062202e-01 9.88811330e-01
-4.85543053e-01 8.21866681e-01 -2.97964934e-01 7.75678417e-03
-5.23198417e-01 -1.29455120e-04 8.52210889e-01 5.73767979e-01
0.00000000e+00 0.00000000e+00 0.00000000e+00 1.00000000e+00
7.00356262e-01 5.69663835e-01 4.30097920e-01 9.88820229e-01
-4.85519637e-01 8.21877787e-01 -2.97972457e-01 7.75033905e-03
-5.23232060e-01 -1.34110372e-04 8.52190233e-01 5.73783394e-01
0.00000000e+00 0.00000000e+00 0.00000000e+00 1.00000000e+00
7.00352159e-01 5.69667366e-01 4.30099925e-01 9.88820507e-01
-4.85521676e-01 8.21875340e-01 -2.97975884e-01 7.75022471e-03
-5.23235660e-01 -1.34782764e-04 8.52188023e-01 5.73783627e-01
0.00000000e+00 0.00000000e+00 0.00000000e+00 1.00000000e+00
7.36190273e-01 5.44480915e-01 4.01950763e-01 9.86973030e-01
-4.57185379e-01 8.38022033e-01 -2.97826462e-01 8.15761193e-03
-4.99004420e-01 3.54909327e-02 8.65872382e-01 5.72770861e-01
0.00000000e+00 0.00000000e+00 0.00000000e+00 1.00000000e+00
8.21643516e-01 4.68058265e-01 3.25305076e-01 9.82106552e-01
-3.73808212e-01 8.73313018e-01 -3.12396853e-01 8.97492971e-03
-4.30313086e-01 1.35077140e-01 8.92516002e-01 5.69895570e-01
0.00000000e+00 0.00000000e+00 0.00000000e+00 1.00000000e+00
9.14263173e-01 3.38699528e-01 2.22273437e-01 9.75199164e-01
-2.41016588e-01 8.95742800e-01 -3.73571735e-01 9.68406937e-03
-3.25628401e-01 2.87971294e-01 9.00576859e-01 5.65539809e-01
0.00000000e+00 0.00000000e+00 0.00000000e+00 1.00000000e+00
9.84263593e-01 1.21924637e-01 1.27904508e-01 9.63899058e-01
-3.11697928e-02 8.32268067e-01 -5.53496439e-01 1.00464590e-02
-1.73935690e-01 5.40799637e-01 8.22971523e-01 5.60217107e-01
0.00000000e+00 0.00000000e+00 0.00000000e+00 1.00000000e+00
9.81239674e-01 -1.13269491e-02 1.92458836e-01 9.49384346e-01
1.58256786e-01 6.17453646e-01 -7.70523059e-01 7.11488179e-03
-1.10106734e-01 7.86525712e-01 6.07662580e-01 5.62619360e-01
0.00000000e+00 0.00000000e+00 0.00000000e+00 1.00000000e+00
9.42148065e-01 4.79443581e-02 3.31750451e-01 9.39838230e-01
2.74917158e-01 4.55718594e-01 -8.46605646e-01 -1.28006114e-03
-1.91774813e-01 8.88831762e-01 4.16173665e-01 5.74033435e-01
0.00000000e+00 0.00000000e+00 0.00000000e+00 1.00000000e+00
8.96857880e-01 1.34878622e-01 4.21252537e-01 9.37515630e-01
3.34740557e-01 4.15562621e-01 -8.45728365e-01 -8.68416498e-03
-2.89127485e-01 8.99508458e-01 3.27551266e-01 5.84247623e-01
0.00000000e+00 0.00000000e+00 0.00000000e+00 1.00000000e+00
8.62009975e-01 1.89269869e-01 4.70229433e-01 9.37807177e-01
3.62432085e-01 4.18410706e-01 -8.32811782e-01 -1.30944999e-02
-3.54375206e-01 8.88318297e-01 2.92076729e-01 5.90705315e-01
0.00000000e+00 0.00000000e+00 0.00000000e+00 1.00000000e+00
8.41021130e-01 2.17329734e-01 4.95430364e-01 9.38449443e-01
3.74284885e-01 4.27493107e-01 -8.22897605e-01 -1.53443947e-02
-3.90633183e-01 8.77506370e-01 2.78187501e-01 5.94234547e-01
0.00000000e+00 0.00000000e+00 0.00000000e+00 1.00000000e+00
8.41024423e-01 2.17284482e-01 4.95444622e-01 9.38449479e-01
3.74314930e-01 4.27488484e-01 -8.22886340e-01 -1.53450954e-02
-3.90597303e-01 8.77519829e-01 2.78195430e-01 5.94228059e-01
0.00000000e+00 0.00000000e+00 0.00000000e+00 1.00000000e+00
8.40989905e-01 2.17275252e-01 4.95507260e-01 9.38452335e-01
3.74388190e-01 4.27468019e-01 -8.22863644e-01 -1.53551094e-02
-3.90601412e-01 8.77532084e-01 2.78151000e-01 5.94222258e-01
0.00000000e+00 0.00000000e+00 0.00000000e+00 1.00000000e+00
8.40989854e-01 2.17277635e-01 4.95506302e-01 9.38452375e-01
3.74388787e-01 4.27462910e-01 -8.22866026e-01 -1.53555751e-02
-3.90600950e-01 8.77533982e-01 2.78145660e-01 5.94222243e-01
0.00000000e+00 0.00000000e+00 0.00000000e+00 1.00000000e+00
8.50360359e-01 2.07464227e-01 4.83576110e-01 9.37718042e-01
3.61673371e-01 4.37067323e-01 -8.23507455e-01 -1.18809579e-02
-3.82203653e-01 8.75174697e-01 2.96630439e-01 5.96845630e-01
0.00000000e+00 0.00000000e+00 0.00000000e+00 1.00000000e+00
9.28535153e-01 1.15475069e-01 3.52828539e-01 9.34824110e-01
2.37554851e-01 5.45535527e-01 -8.03715548e-01 2.58046305e-02
-2.85289611e-01 8.30094270e-01 4.79117251e-01 6.21099913e-01
0.00000000e+00 0.00000000e+00 0.00000000e+00 1.00000000e+00
9.88702311e-01 1.47714509e-02 1.49162814e-01 9.51971437e-01
9.00412726e-02 7.37049583e-01 -6.69813766e-01 9.14243430e-02
-1.19834511e-01 6.75677228e-01 7.27392585e-01 6.52277996e-01
0.00000000e+00 0.00000000e+00 0.00000000e+00 1.00000000e+00
9.97743896e-01 -5.80396372e-02 -3.37419272e-02 1.06988071e+00
4.94183375e-02 9.75133471e-01 -2.16038288e-01 1.91513430e-01
4.54416664e-02 2.13883414e-01 9.75801691e-01 6.81840846e-01
0.00000000e+00 0.00000000e+00 0.00000000e+00 1.00000000e+00
9.81361756e-01 -1.58304063e-01 1.08944603e-01 1.25116301e+00
1.48824532e-01 9.84733009e-01 9.02893071e-02 1.91483478e-01
-1.21574511e-01 -7.23928435e-02 9.89938844e-01 6.68369449e-01
0.00000000e+00 0.00000000e+00 0.00000000e+00 1.00000000e+00
9.35463174e-01 -2.26746590e-01 2.71098939e-01 1.35490879e+00
2.01697168e-01 9.72395377e-01 1.17326400e-01 1.37526751e-01
-2.90218716e-01 -5.50746377e-02 9.55374210e-01 6.39214984e-01
0.00000000e+00 0.00000000e+00 0.00000000e+00 1.00000000e+00
8.98400368e-01 -2.44790796e-01 3.64628914e-01 1.40254898e+00
2.30675605e-01 9.69524671e-01 8.25268293e-02 9.38332362e-02
-3.73718536e-01 9.96886137e-03 9.27488586e-01 6.16692255e-01
0.00000000e+00 0.00000000e+00 0.00000000e+00 1.00000000e+00
8.88987859e-01 -2.45938418e-01 3.86283420e-01 1.41256563e+00
2.37831793e-01 9.68817943e-01 6.94825980e-02 8.23001799e-02
-3.91326749e-01 3.01012926e-02 9.19759364e-01 6.10703319e-01
0.00000000e+00 0.00000000e+00 0.00000000e+00 1.00000000e+00
8.88984844e-01 -2.45933481e-01 3.86293503e-01 1.41255812e+00
2.37824064e-01 9.68819384e-01 6.94889620e-02 8.22991245e-02
-3.91338296e-01 3.00952571e-02 9.19754648e-01 6.10712945e-01
0.00000000e+00 0.00000000e+00 0.00000000e+00 1.00000000e+00
8.88980066e-01 -2.45935597e-01 3.86303151e-01 1.41255728e+00
2.37820293e-01 9.68819227e-01 6.95040539e-02 8.23006179e-02
-3.91351441e-01 3.00830102e-02 9.19749456e-01 6.10715400e-01
0.00000000e+00 0.00000000e+00 0.00000000e+00 1.00000000e+00
8.88983554e-01 -2.45926731e-01 3.86300769e-01 1.41255790e+00
2.37815355e-01 9.68821250e-01 6.94927519e-02 8.22996873e-02
-3.91346519e-01 3.00903410e-02 9.19751311e-01 6.10714385e-01
0.00000000e+00 0.00000000e+00 0.00000000e+00 1.00000000e+00
8.88983923e-01 -2.45925945e-01 3.86300419e-01 1.41255762e+00
2.37814412e-01 9.68821469e-01 6.94929274e-02 8.22997008e-02
-3.91346253e-01 3.00897117e-02 9.19751444e-01 6.10714811e-01
0.00000000e+00 0.00000000e+00 0.00000000e+00 1.00000000e+00
9.02017565e-01 -2.29566954e-01 3.65599954e-01 1.40585723e+00
2.34664478e-01 9.71578740e-01 3.11020034e-02 4.85544119e-02
-3.62349135e-01 5.77387688e-02 9.30252299e-01 6.18462270e-01
0.00000000e+00 0.00000000e+00 0.00000000e+00 1.00000000e+00
9.24335989e-01 -2.07993955e-01 3.19908571e-01 1.38612154e+00
2.26356304e-01 9.73820696e-01 -2.08824057e-02 -8.57471079e-03
-3.07190174e-01 9.17156810e-02 9.47218259e-01 6.30149431e-01
0.00000000e+00 0.00000000e+00 0.00000000e+00 1.00000000e+00
9.68498706e-01 -1.76984356e-01 1.75176466e-01 1.29399351e+00
1.87518139e-01 9.81211665e-01 -4.53939972e-02 -1.28985144e-01
-1.63851165e-01 7.68127925e-02 9.83490005e-01 6.47687660e-01
0.00000000e+00 0.00000000e+00 0.00000000e+00 1.00000000e+00
9.92826110e-01 -1.06415062e-01 5.45174231e-02 1.12589981e+00
9.54646947e-02 9.80029161e-01 1.74440065e-01 -1.90194735e-01
-7.19917148e-02 -1.67984162e-01 9.83157421e-01 6.41523012e-01
0.00000000e+00 0.00000000e+00 0.00000000e+00 1.00000000e+00
9.87328235e-01 -6.49964115e-03 1.58558227e-01 1.00235068e+00
-7.16298569e-02 8.73330720e-01 4.81832561e-01 -1.49030654e-01
-1.41605509e-01 -4.87084395e-01 8.61798510e-01 6.10500927e-01
0.00000000e+00 0.00000000e+00 0.00000000e+00 1.00000000e+00
9.51245020e-01 2.27319063e-02 3.07597421e-01 9.61269730e-01
-2.16081335e-01 7.60757594e-01 6.12010409e-01 -1.02835312e-01
-2.20094910e-01 -6.48637914e-01 7.28578813e-01 5.84266876e-01
0.00000000e+00 0.00000000e+00 0.00000000e+00 1.00000000e+00
9.08092315e-01 2.11093000e-02 4.18237665e-01 9.46977769e-01
-3.18979919e-01 6.81965482e-01 6.58160233e-01 -7.15252556e-02
-2.71330349e-01 -7.31079666e-01 6.26021057e-01 5.65419293e-01
0.00000000e+00 0.00000000e+00 0.00000000e+00 1.00000000e+00
9.03437424e-01 2.01913665e-02 4.28244241e-01 9.46104331e-01
-3.28312891e-01 6.74951610e-01 6.60795710e-01 -6.87613379e-02
-2.75701772e-01 -7.37585678e-01 6.16405630e-01 5.63678185e-01
0.00000000e+00 0.00000000e+00 0.00000000e+00 1.00000000e+00
9.36101640e-01 -1.21965662e-04 3.51729590e-01 9.38379022e-01
5.34281666e-05 9.99999978e-01 2.04564720e-04 -3.51716850e-06
-3.51729607e-01 -1.72701103e-04 9.36101626e-01 5.44426493e-01
0.00000000e+00 0.00000000e+00 0.00000000e+00 1.00000000e+00
9.36101640e-01 -1.22213344e-04 3.51729590e-01 9.38379022e-01
5.34282333e-05 9.99999978e-01 2.05268725e-04 -3.51717331e-06
-3.51729607e-01 -1.73360100e-04 9.36101626e-01 5.44426493e-01
0.00000000e+00 0.00000000e+00 0.00000000e+00 1.00000000e+00
9.32198623e-01 9.11576039e-02 3.50279916e-01 9.38635947e-01
-8.53932749e-02 9.95836463e-01 -3.19018365e-02 5.62120263e-03
-3.51729607e-01 -1.72701103e-04 9.36101626e-01 5.44426493e-01
0.00000000e+00 0.00000000e+00 0.00000000e+00 1.00000000e+00
8.78905215e-01 3.44132212e-01 3.30300839e-01 9.42144066e-01
-3.22191861e-01 9.38921188e-01 -1.20910739e-01 2.12090117e-02
-3.51735737e-01 -1.51162608e-04 9.36099326e-01 5.44428187e-01
0.00000000e+00 0.00000000e+00 0.00000000e+00 1.00000000e+00
7.66747981e-01 5.73621260e-01 2.88194697e-01 9.49529528e-01
-5.37000917e-01 8.19120646e-01 -2.01671470e-01 3.53475850e-02
-3.51749269e-01 -1.29623948e-04 9.36094245e-01 5.44432287e-01
0.00000000e+00 0.00000000e+00 0.00000000e+00 1.00000000e+00
6.44084310e-01 7.25626159e-01 2.42119969e-01 9.57606557e-01
-6.79274767e-01 6.88089142e-01 -2.55184492e-01 4.47096684e-02
-3.51768664e-01 -1.05658027e-04 9.36086959e-01 5.44441079e-01
0.00000000e+00 0.00000000e+00 0.00000000e+00 1.00000000e+00
6.44113590e-01 7.25595004e-01 2.42135445e-01 9.57606459e-01
-6.79238868e-01 6.88121996e-01 -2.55191456e-01 4.47053771e-02
-3.51784372e-01 -9.55209134e-05 9.36081058e-01 5.44446148e-01
0.00000000e+00 0.00000000e+00 0.00000000e+00 1.00000000e+00
6.44113901e-01 7.25597268e-01 2.42127831e-01 9.57606436e-01
-6.79239197e-01 6.88119610e-01 -2.55197015e-01 4.47054008e-02
-3.51783166e-01 -8.67687589e-05 9.36081512e-01 5.44446061e-01
0.00000000e+00 0.00000000e+00 0.00000000e+00 1.00000000e+00
6.44113958e-01 7.25596871e-01 2.42128869e-01 9.57606432e-01
-6.79239256e-01 6.88120028e-01 -2.55195730e-01 4.47054050e-02
-3.51782948e-01 -8.83010694e-05 9.36081594e-01 5.44446045e-01
0.00000000e+00 0.00000000e+00 0.00000000e+00 1.00000000e+00
6.44112339e-01 7.25596644e-01 2.42133857e-01 9.57606539e-01
-6.79240791e-01 6.88120266e-01 -2.55191000e-01 4.47055061e-02
-3.51782948e-01 -9.55205800e-05 9.36081593e-01 5.44446045e-01
0.00000000e+00 0.00000000e+00 0.00000000e+00 1.00000000e+00
6.44112339e-01 7.25596644e-01 2.42133857e-01 9.57606539e-01
-6.79240791e-01 6.88120266e-01 -2.55191000e-01 4.47055061e-02
-3.51782948e-01 -9.55205800e-05 9.36081593e-01 5.44446045e-01
0.00000000e+00 0.00000000e+00 0.00000000e+00 1.00000000e+00
6.44111626e-01 7.25595645e-01 2.42138748e-01 9.57606250e-01
-6.79238327e-01 6.88121319e-01 -2.55194721e-01 4.47056977e-02
-3.51789012e-01 -9.60314078e-05 9.36079314e-01 5.44445728e-01
0.00000000e+00 0.00000000e+00 0.00000000e+00 1.00000000e+00
6.44443953e-01 7.25259867e-01 2.42260431e-01 9.57585143e-01
-6.78924863e-01 6.88475211e-01 -2.55074330e-01 4.46842595e-02
-3.51785476e-01 -9.55204830e-05 9.36080643e-01 5.44446212e-01
0.00000000e+00 0.00000000e+00 0.00000000e+00 1.00000000e+00
7.93777199e-01 5.30008139e-01 2.98343980e-01 9.47754527e-01
-4.96158629e-01 8.47992550e-01 -1.86373952e-01 3.26565721e-02
-3.51773184e-01 -8.65466858e-05 9.36085263e-01 5.44442650e-01
0.00000000e+00 0.00000000e+00 0.00000000e+00 1.00000000e+00
8.94602151e-01 2.94428388e-01 3.36153115e-01 9.41109962e-01
-2.75637153e-01 9.55673543e-01 -1.03499951e-01 1.81446941e-02
-3.51725962e-01 -6.50088674e-05 9.36103009e-01 5.44426232e-01
0.00000000e+00 0.00000000e+00 0.00000000e+00 1.00000000e+00
9.35993826e-01 1.71482437e-02 3.51598487e-01 9.38371005e-01
-1.60664055e-02 9.99852957e-01 -5.99452477e-03 1.05786636e-03
-3.51649583e-01 -3.80857093e-05 9.36131705e-01 5.44399811e-01
0.00000000e+00 0.00000000e+00 0.00000000e+00 1.00000000e+00
9.36136038e-01 -6.84390564e-05 3.51638042e-01 9.38359526e-01
5.63832922e-05 9.99999997e-01 4.45248311e-05 -3.71264864e-06
-3.51638044e-01 -2.18547885e-05 9.36136040e-01 5.44395665e-01
0.00000000e+00 0.00000000e+00 0.00000000e+00 1.00000000e+00
9.36135168e-01 -6.91420999e-05 3.51640358e-01 9.38360014e-01
5.63834292e-05 9.99999997e-01 4.65236379e-05 -3.71263291e-06
-3.51640361e-01 -2.37257244e-05 9.36135170e-01 5.44396470e-01
0.00000000e+00 0.00000000e+00 0.00000000e+00 1.00000000e+00
9.36134341e-01 -6.94958746e-05 3.51642562e-01 9.38360478e-01
5.86080571e-05 9.99999997e-01 4.16071920e-05 -3.85908495e-06
-3.51642564e-01 -1.83408339e-05 9.36134342e-01 5.44397236e-01
0.00000000e+00 0.00000000e+00 0.00000000e+00 1.00000000e+00
9.36133356e-01 -7.15192557e-05 3.51645184e-01 9.38361030e-01
5.86085404e-05 9.99999997e-01 4.73598010e-05 -3.85908963e-06
-3.51645187e-01 -2.37256784e-05 9.36133357e-01 5.44398148e-01
0.00000000e+00 0.00000000e+00 0.00000000e+00 1.00000000e+00
9.36133271e-01 -7.78554617e-05 3.51645407e-01 9.38361528e-01
6.45397309e-05 9.99999997e-01 4.95887950e-05 -4.24957352e-06
-3.51645410e-01 -2.37266209e-05 9.36133273e-01 5.44396150e-01
0.00000000e+00 0.00000000e+00 0.00000000e+00 1.00000000e+00
9.36133271e-01 -7.78554617e-05 3.51645407e-01 9.38361528e-01
6.45397309e-05 9.99999997e-01 4.95887950e-05 -4.24957352e-06
-3.51645410e-01 -2.37266209e-05 9.36133273e-01 5.44396150e-01
0.00000000e+00 0.00000000e+00 0.00000000e+00 1.00000000e+00
9.36133271e-01 -7.78554617e-05 3.51645407e-01 9.38361528e-01
6.45397309e-05 9.99999997e-01 4.95887950e-05 -4.24957352e-06
-3.51645410e-01 -2.37266209e-05 9.36133273e-01 5.44396150e-01
0.00000000e+00 0.00000000e+00 0.00000000e+00 1.00000000e+00
9.36133271e-01 -7.78554617e-05 3.51645407e-01 9.38361528e-01
6.45397309e-05 9.99999997e-01 4.95887950e-05 -4.24957352e-06
-3.51645410e-01 -2.37266209e-05 9.36133273e-01 5.44396150e-01
0.00000000e+00 0.00000000e+00 0.00000000e+00 1.00000000e+00
9.41799129e-01 -7.21780642e-05 3.36176136e-01 9.30937867e-01
6.19457142e-05 9.99999997e-01 4.11618875e-05 -4.54247051e-06
-3.36176139e-01 -1.79415590e-05 9.41799131e-01 5.55816434e-01
0.00000000e+00 0.00000000e+00 0.00000000e+00 1.00000000e+00
9.55803143e-01 -6.56381388e-05 2.94007395e-01 9.06043077e-01
5.45370786e-05 9.99999997e-01 4.59560808e-05 -5.36087775e-06
-2.94007397e-01 -2.78906620e-05 9.55803144e-01 5.84749431e-01
0.00000000e+00 0.00000000e+00 0.00000000e+00 1.00000000e+00
9.73321496e-01 -4.00715663e-05 2.29445555e-01 8.56338118e-01
2.77754337e-05 9.99999998e-01 5.68201877e-05 -4.09888666e-06
-2.29445557e-01 -4.89313603e-05 9.73321496e-01 6.20513726e-01
0.00000000e+00 0.00000000e+00 0.00000000e+00 1.00000000e+00
9.91051979e-01 -1.35372868e-05 1.33476496e-01 7.62659314e-01
4.10947767e-06 9.99999997e-01 7.09082205e-05 -9.81524584e-07
-1.33476496e-01 -6.97252136e-05 9.91051976e-01 6.49187377e-01
0.00000000e+00 0.00000000e+00 0.00000000e+00 1.00000000e+00
9.97387042e-01 8.63047470e-06 7.22432555e-02 6.95304551e-01
-1.49936102e-05 9.99999996e-01 8.75370002e-05 4.58502731e-06
-7.22432544e-02 -8.83914569e-05 9.97387038e-01 6.49351345e-01
0.00000000e+00 0.00000000e+00 0.00000000e+00 1.00000000e+00
9.99561465e-01 2.54511632e-05 2.96121200e-02 6.47125010e-01
-2.84849085e-05 9.99999994e-01 1.02027607e-04 1.00630442e-05
-2.96121173e-02 -1.02826363e-04 9.99561460e-01 6.40418565e-01
0.00000000e+00 0.00000000e+00 0.00000000e+00 1.00000000e+00
9.99908009e-01 3.05629372e-05 1.35636406e-02 6.28928257e-01
-3.20221355e-05 9.99999994e-01 1.07364444e-04 1.18918864e-05
-1.35636372e-02 -1.07788904e-04 9.99908004e-01 6.35096235e-01
0.00000000e+00 0.00000000e+00 0.00000000e+00 1.00000000e+00
9.99908012e-01 3.29223592e-05 1.35634497e-02 6.28928413e-01
-3.43813199e-05 9.99999994e-01 1.07332447e-04 1.27674318e-05
-1.35634461e-02 -1.07788903e-04 9.99908006e-01 6.35096357e-01
0.00000000e+00 0.00000000e+00 0.00000000e+00 1.00000000e+00
9.99907994e-01 3.01719712e-05 1.35647389e-02 6.28928414e-01
-3.16610562e-05 9.99999993e-01 1.09561436e-04 1.17579189e-05
-1.35647355e-02 -1.09980830e-04 9.99907989e-01 6.35096449e-01
0.00000000e+00 0.00000000e+00 0.00000000e+00 1.00000000e+00
9.97539796e-01 4.52277744e-02 5.35612160e-02 6.61880168e-01
-4.51684969e-02 9.98976695e-01 -2.31733800e-03 1.53100375e-02
-5.36112146e-02 -1.07642745e-04 9.98561879e-01 6.48172291e-01
0.00000000e+00 0.00000000e+00 0.00000000e+00 1.00000000e+00
9.87654123e-01 1.10616260e-01 1.10920583e-01 7.10952661e-01
-1.09937652e-01 9.93863185e-01 -1.22344595e-02 3.21744127e-02
-1.11593214e-01 -1.10933998e-04 9.93753965e-01 6.61274951e-01
0.00000000e+00 0.00000000e+00 0.00000000e+00 1.00000000e+00
9.44645125e-01 2.42059928e-01 2.21478170e-01 8.09138213e-01
-2.35697119e-01 9.70261293e-01 -5.51352049e-02 4.76216678e-02
-2.28237720e-01 -1.18564082e-04 9.73605428e-01 6.67084788e-01
0.00000000e+00 0.00000000e+00 0.00000000e+00 1.00000000e+00
8.47606441e-01 4.05569476e-01 3.42164758e-01 9.16177812e-01
-3.76135626e-01 9.14064212e-01 -1.51685886e-01 3.71971117e-02
-3.74279725e-01 -1.30421169e-04 9.27315842e-01 6.38101920e-01
0.00000000e+00 0.00000000e+00 0.00000000e+00 1.00000000e+00
7.73671943e-01 4.95017328e-01 3.95461210e-01 9.61160230e-01
-4.40849020e-01 8.68883090e-01 -2.25153986e-01 2.21314405e-02
-4.55064683e-01 -1.43365426e-04 8.90458373e-01 6.06909528e-01
0.00000000e+00 0.00000000e+00 0.00000000e+00 1.00000000e+00
7.23807363e-01 5.46919561e-01 4.20692161e-01 9.81444648e-01
-4.72935478e-01 8.37185149e-01 -2.74687203e-01 1.21240611e-02
-5.02429034e-01 -1.39628854e-04 8.64618440e-01 5.84499466e-01
0.00000000e+00 0.00000000e+00 0.00000000e+00 1.00000000e+00
7.00365162e-01 5.69679859e-01 4.30062202e-01 9.88811330e-01
-4.85543053e-01 8.21866681e-01 -2.97964934e-01 7.75678417e-03
-5.23198417e-01 -1.29455120e-04 8.52210889e-01 5.73767979e-01
0.00000000e+00 0.00000000e+00 0.00000000e+00 1.00000000e+00
7.00356262e-01 5.69663835e-01 4.30097920e-01 9.88820229e-01
-4.85519637e-01 8.21877787e-01 -2.97972457e-01 7.75033905e-03
-5.23232060e-01 -1.34110372e-04 8.52190233e-01 5.73783394e-01
0.00000000e+00 0.00000000e+00 0.00000000e+00 1.00000000e+00
7.00352159e-01 5.69667366e-01 4.30099925e-01 9.88820507e-01
-4.85521676e-01 8.21875340e-01 -2.97975884e-01 7.75022471e-03
-5.23235660e-01 -1.34782764e-04 8.52188023e-01 5.73783627e-01
0.00000000e+00 0.00000000e+00 0.00000000e+00 1.00000000e+00
7.36190273e-01 5.44480915e-01 4.01950763e-01 9.86973030e-01
-4.57185379e-01 8.38022033e-01 -2.97826462e-01 8.15761193e-03
-4.99004420e-01 3.54909327e-02 8.65872382e-01 5.72770861e-01
0.00000000e+00 0.00000000e+00 0.00000000e+00 1.00000000e+00
8.21643516e-01 4.68058265e-01 3.25305076e-01 9.82106552e-01
-3.73808212e-01 8.73313018e-01 -3.12396853e-01 8.97492971e-03
-4.30313086e-01 1.35077140e-01 8.92516002e-01 5.69895570e-01
0.00000000e+00 0.00000000e+00 0.00000000e+00 1.00000000e+00
9.14263173e-01 3.38699528e-01 2.22273437e-01 9.75199164e-01
-2.41016588e-01 8.95742800e-01 -3.73571735e-01 9.68406937e-03
-3.25628401e-01 2.87971294e-01 9.00576859e-01 5.65539809e-01
0.00000000e+00 0.00000000e+00 0.00000000e+00 1.00000000e+00
9.84263593e-01 1.21924637e-01 1.27904508e-01 9.63899058e-01
-3.11697928e-02 8.32268067e-01 -5.53496439e-01 1.00464590e-02
-1.73935690e-01 5.40799637e-01 8.22971523e-01 5.60217107e-01
0.00000000e+00 0.00000000e+00 0.00000000e+00 1.00000000e+00
9.81239674e-01 -1.13269491e-02 1.92458836e-01 9.49384346e-01
1.58256786e-01 6.17453646e-01 -7.70523059e-01 7.11488179e-03
-1.10106734e-01 7.86525712e-01 6.07662580e-01 5.62619360e-01
0.00000000e+00 0.00000000e+00 0.00000000e+00 1.00000000e+00
9.42148065e-01 4.79443581e-02 3.31750451e-01 9.39838230e-01
2.74917158e-01 4.55718594e-01 -8.46605646e-01 -1.28006114e-03
-1.91774813e-01 8.88831762e-01 4.16173665e-01 5.74033435e-01
0.00000000e+00 0.00000000e+00 0.00000000e+00 1.00000000e+00
8.96857880e-01 1.34878622e-01 4.21252537e-01 9.37515630e-01
3.34740557e-01 4.15562621e-01 -8.45728365e-01 -8.68416498e-03
-2.89127485e-01 8.99508458e-01 3.27551266e-01 5.84247623e-01
0.00000000e+00 0.00000000e+00 0.00000000e+00 1.00000000e+00
8.62009975e-01 1.89269869e-01 4.70229433e-01 9.37807177e-01
3.62432085e-01 4.18410706e-01 -8.32811782e-01 -1.30944999e-02
-3.54375206e-01 8.88318297e-01 2.92076729e-01 5.90705315e-01
0.00000000e+00 0.00000000e+00 0.00000000e+00 1.00000000e+00
8.41021130e-01 2.17329734e-01 4.95430364e-01 9.38449443e-01
3.74284885e-01 4.27493107e-01 -8.22897605e-01 -1.53443947e-02
-3.90633183e-01 8.77506370e-01 2.78187501e-01 5.94234547e-01
0.00000000e+00 0.00000000e+00 0.00000000e+00 1.00000000e+00
8.41024423e-01 2.17284482e-01 4.95444622e-01 9.38449479e-01
3.74314930e-01 4.27488484e-01 -8.22886340e-01 -1.53450954e-02
-3.90597303e-01 8.77519829e-01 2.78195430e-01 5.94228059e-01
0.00000000e+00 0.00000000e+00 0.00000000e+00 1.00000000e+00
8.40989905e-01 2.17275252e-01 4.95507260e-01 9.38452335e-01
3.74388190e-01 4.27468019e-01 -8.22863644e-01 -1.53551094e-02
-3.90601412e-01 8.77532084e-01 2.78151000e-01 5.94222258e-01
0.00000000e+00 0.00000000e+00 0.00000000e+00 1.00000000e+00
8.40989854e-01 2.17277635e-01 4.95506302e-01 9.38452375e-01
3.74388787e-01 4.27462910e-01 -8.22866026e-01 -1.53555751e-02
-3.90600950e-01 8.77533982e-01 2.78145660e-01 5.94222243e-01
0.00000000e+00 0.00000000e+00 0.00000000e+00 1.00000000e+00
8.50360359e-01 2.07464227e-01 4.83576110e-01 9.37718042e-01
3.61673371e-01 4.37067323e-01 -8.23507455e-01 -1.18809579e-02
-3.82203653e-01 8.75174697e-01 2.96630439e-01 5.96845630e-01
0.00000000e+00 0.00000000e+00 0.00000000e+00 1.00000000e+00
9.28535153e-01 1.15475069e-01 3.52828539e-01 9.34824110e-01
2.37554851e-01 5.45535527e-01 -8.03715548e-01 2.58046305e-02
-2.85289611e-01 8.30094270e-01 4.79117251e-01 6.21099913e-01
0.00000000e+00 0.00000000e+00 0.00000000e+00 1.00000000e+00
9.88702311e-01 1.47714509e-02 1.49162814e-01 9.51971437e-01
9.00412726e-02 7.37049583e-01 -6.69813766e-01 9.14243430e-02
-1.19834511e-01 6.75677228e-01 7.27392585e-01 6.52277996e-01
0.00000000e+00 0.00000000e+00 0.00000000e+00 1.00000000e+00
9.97743896e-01 -5.80396372e-02 -3.37419272e-02 1.06988071e+00
4.94183375e-02 9.75133471e-01 -2.16038288e-01 1.91513430e-01
4.54416664e-02 2.13883414e-01 9.75801691e-01 6.81840846e-01
0.00000000e+00 0.00000000e+00 0.00000000e+00 1.00000000e+00
9.81361756e-01 -1.58304063e-01 1.08944603e-01 1.25116301e+00
1.48824532e-01 9.84733009e-01 9.02893071e-02 1.91483478e-01
-1.21574511e-01 -7.23928435e-02 9.89938844e-01 6.68369449e-01
0.00000000e+00 0.00000000e+00 0.00000000e+00 1.00000000e+00
9.35463174e-01 -2.26746590e-01 2.71098939e-01 1.35490879e+00
2.01697168e-01 9.72395377e-01 1.17326400e-01 1.37526751e-01
-2.90218716e-01 -5.50746377e-02 9.55374210e-01 6.39214984e-01
0.00000000e+00 0.00000000e+00 0.00000000e+00 1.00000000e+00
8.98400368e-01 -2.44790796e-01 3.64628914e-01 1.40254898e+00
2.30675605e-01 9.69524671e-01 8.25268293e-02 9.38332362e-02
-3.73718536e-01 9.96886137e-03 9.27488586e-01 6.16692255e-01
0.00000000e+00 0.00000000e+00 0.00000000e+00 1.00000000e+00
8.88987859e-01 -2.45938418e-01 3.86283420e-01 1.41256563e+00
2.37831793e-01 9.68817943e-01 6.94825980e-02 8.23001799e-02
-3.91326749e-01 3.01012926e-02 9.19759364e-01 6.10703319e-01
0.00000000e+00 0.00000000e+00 0.00000000e+00 1.00000000e+00
8.88984844e-01 -2.45933481e-01 3.86293503e-01 1.41255812e+00
2.37824064e-01 9.68819384e-01 6.94889620e-02 8.22991245e-02
-3.91338296e-01 3.00952571e-02 9.19754648e-01 6.10712945e-01
0.00000000e+00 0.00000000e+00 0.00000000e+00 1.00000000e+00
8.88980066e-01 -2.45935597e-01 3.86303151e-01 1.41255728e+00
2.37820293e-01 9.68819227e-01 6.95040539e-02 8.23006179e-02
-3.91351441e-01 3.00830102e-02 9.19749456e-01 6.10715400e-01
0.00000000e+00 0.00000000e+00 0.00000000e+00 1.00000000e+00
8.88983554e-01 -2.45926731e-01 3.86300769e-01 1.41255790e+00
2.37815355e-01 9.68821250e-01 6.94927519e-02 8.22996873e-02
-3.91346519e-01 3.00903410e-02 9.19751311e-01 6.10714385e-01
0.00000000e+00 0.00000000e+00 0.00000000e+00 1.00000000e+00
8.88983923e-01 -2.45925945e-01 3.86300419e-01 1.41255762e+00
2.37814412e-01 9.68821469e-01 6.94929274e-02 8.22997008e-02
-3.91346253e-01 3.00897117e-02 9.19751444e-01 6.10714811e-01
0.00000000e+00 0.00000000e+00 0.00000000e+00 1.00000000e+00
9.02017565e-01 -2.29566954e-01 3.65599954e-01 1.40585723e+00
2.34664478e-01 9.71578740e-01 3.11020034e-02 4.85544119e-02
-3.62349135e-01 5.77387688e-02 9.30252299e-01 6.18462270e-01
0.00000000e+00 0.00000000e+00 0.00000000e+00 1.00000000e+00
9.24335989e-01 -2.07993955e-01 3.19908571e-01 1.38612154e+00
2.26356304e-01 9.73820696e-01 -2.08824057e-02 -8.57471079e-03
-3.07190174e-01 9.17156810e-02 9.47218259e-01 6.30149431e-01
0.00000000e+00 0.00000000e+00 0.00000000e+00 1.00000000e+00
9.68498706e-01 -1.76984356e-01 1.75176466e-01 1.29399351e+00
1.87518139e-01 9.81211665e-01 -4.53939972e-02 -1.28985144e-01
-1.63851165e-01 7.68127925e-02 9.83490005e-01 6.47687660e-01
0.00000000e+00 0.00000000e+00 0.00000000e+00 1.00000000e+00
9.92826110e-01 -1.06415062e-01 5.45174231e-02 1.12589981e+00
9.54646947e-02 9.80029161e-01 1.74440065e-01 -1.90194735e-01
-7.19917148e-02 -1.67984162e-01 9.83157421e-01 6.41523012e-01
0.00000000e+00 0.00000000e+00 0.00000000e+00 1.00000000e+00
9.87328235e-01 -6.49964115e-03 1.58558227e-01 1.00235068e+00
-7.16298569e-02 8.73330720e-01 4.81832561e-01 -1.49030654e-01
-1.41605509e-01 -4.87084395e-01 8.61798510e-01 6.10500927e-01
0.00000000e+00 0.00000000e+00 0.00000000e+00 1.00000000e+00
9.51245020e-01 2.27319063e-02 3.07597421e-01 9.61269730e-01
-2.16081335e-01 7.60757594e-01 6.12010409e-01 -1.02835312e-01
-2.20094910e-01 -6.48637914e-01 7.28578813e-01 5.84266876e-01
0.00000000e+00 0.00000000e+00 0.00000000e+00 1.00000000e+00
9.08092315e-01 2.11093000e-02 4.18237665e-01 9.46977769e-01
-3.18979919e-01 6.81965482e-01 6.58160233e-01 -7.15252556e-02
-2.71330349e-01 -7.31079666e-01 6.26021057e-01 5.65419293e-01
0.00000000e+00 0.00000000e+00 0.00000000e+00 1.00000000e+00
9.03437424e-01 2.01913665e-02 4.28244241e-01 9.46104331e-01
-3.28312891e-01 6.74951610e-01 6.60795710e-01 -6.87613379e-02
-2.75701772e-01 -7.37585678e-01 6.16405630e-01 5.63678185e-01
0.00000000e+00 0.00000000e+00 0.00000000e+00 1.00000000e+00
