9.99907145e-01 -6.32579512e-07 1.36272370e-02 -3.71062117e-01
-2.68955185e-10 9.99999999e-01 4.64399672e-05 1.93647734e-11
-1.36272371e-02 -4.64356587e-05 9.99907144e-01 6.35087808e-01
0.00000000e+00 0.00000000e+00 0.00000000e+00 1.00000000e+00
9.99907133e-01 -6.32620223e-07 1.36281137e-02 -3.71062051e-01
-2.68955185e-10 9.99999999e-01 4.64399672e-05 1.93647734e-11
-1.36281137e-02 -4.64356582e-05 9.99907132e-01 6.35088135e-01
0.00000000e+00 0.00000000e+00 0.00000000e+00 1.00000000e+00
9.99907229e-01 -6.35036557e-07 1.36210912e-02 -3.71061240e-01
-4.29194792e-10 9.99999999e-01 4.66530693e-05 3.09020250e-11
-1.36210912e-02 -4.66487471e-05 9.99907228e-01 6.35088340e-01
0.00000000e+00 0.00000000e+00 0.00000000e+00 1.00000000e+00
9.99907257e-01 -6.84025949e-07 1.36190439e-02 -3.71059896e-01
-6.70565418e-10 9.99999999e-01 5.02749281e-05 4.82807101e-11
-1.36190439e-02 -5.02702745e-05 9.99907255e-01 6.35087565e-01
0.00000000e+00 0.00000000e+00 0.00000000e+00 1.00000000e+00
9.99908565e-01 -1.09151396e-06 1.35226607e-02 -3.71086895e-01
-1.74271572e-10 9.99999997e-01 8.07302818e-05 1.25475532e-11
-1.35226607e-02 -8.07229026e-05 9.99908561e-01 6.35047583e-01
0.00000000e+00 0.00000000e+00 0.00000000e+00 1.00000000e+00
9.99908273e-01 -1.06455318e-06 1.35442098e-02 -3.71092166e-01
-4.32676909e-11 9.99999997e-01 7.86015914e-05 3.11527375e-12
-1.35442098e-02 -7.85943821e-05 9.99908270e-01 6.35044534e-01
0.00000000e+00 0.00000000e+00 0.00000000e+00 1.00000000e+00
9.99908032e-01 -1.20133953e-06 1.35620071e-02 -3.71095207e-01
-5.85939169e-10 9.99999996e-01 8.86244496e-05 4.21876201e-11
-1.35620071e-02 -8.86163069e-05 9.99908028e-01 6.35043835e-01
0.00000000e+00 0.00000000e+00 0.00000000e+00 1.00000000e+00
9.99908019e-01 -1.14940852e-06 1.35629347e-02 -3.71095138e-01
-5.85939169e-10 9.99999996e-01 8.47894961e-05 4.21876201e-11
-1.35629347e-02 -8.47817050e-05 9.99908016e-01 6.35044181e-01
0.00000000e+00 0.00000000e+00 0.00000000e+00 1.00000000e+00
9.99907957e-01 -1.14975283e-06 1.35675149e-02 -3.71094851e-01
-6.29981918e-10 9.99999996e-01 8.47894961e-05 4.53586981e-11
-1.35675150e-02 -8.47817004e-05 9.99907953e-01 6.35044757e-01
0.00000000e+00 0.00000000e+00 0.00000000e+00 1.00000000e+00
9.99908093e-01 -1.16899994e-06 1.35574976e-02 -3.71093780e-01
-4.75832188e-10 9.99999996e-01 8.62604408e-05 3.42599175e-11
-1.35574977e-02 -8.62525193e-05 9.99908089e-01 6.35044975e-01
0.00000000e+00 0.00000000e+00 0.00000000e+00 1.00000000e+00
9.99908056e-01 -1.14923469e-06 1.35602413e-02 -3.71094465e-01
-5.31395415e-10 9.99999996e-01 8.47894961e-05 3.82604699e-11
-1.35602414e-02 -8.47817074e-05 9.99908052e-01 6.35044574e-01
0.00000000e+00 0.00000000e+00 0.00000000e+00 1.00000000e+00
9.99908027e-01 -1.20142213e-06 1.35623364e-02 -3.71093775e-01
-5.32519858e-10 9.99999996e-01 8.86244496e-05 3.83414298e-11
-1.35623364e-02 -8.86163058e-05 9.99908023e-01 6.35045323e-01
0.00000000e+00 0.00000000e+00 0.00000000e+00 1.00000000e+00
9.99908093e-01 -1.33064145e-06 1.35574976e-02 -3.71093780e-01
-8.65270433e-10 9.99999995e-01 9.82118289e-05 6.22994711e-11
-1.35574977e-02 -9.82028142e-05 9.99908088e-01 6.35044975e-01
0.00000000e+00 0.00000000e+00 0.00000000e+00 1.00000000e+00
9.99908039e-01 -1.44906891e-06 1.35614586e-02 -3.71092413e-01
-1.02104573e-09 9.99999994e-01 1.06927278e-04 7.35152926e-11
-1.35614587e-02 -1.06917459e-04 9.99908033e-01 6.35046445e-01
0.00000000e+00 0.00000000e+00 0.00000000e+00 1.00000000e+00
9.99908360e-01 -1.89993918e-06 1.35377939e-02 -3.71092171e-01
-7.17022690e-10 9.99999990e-01 1.40396296e-04 5.16256337e-11
-1.35377941e-02 -1.40383439e-04 9.99908350e-01 6.35044972e-01
0.00000000e+00 0.00000000e+00 0.00000000e+00 1.00000000e+00
9.99909068e-01 -2.20587217e-06 1.34854181e-02 -3.71091124e-01
2.27408921e-09 9.99999987e-01 1.63406002e-04 -1.63734423e-10
-1.34854183e-02 -1.63391112e-04 9.99909054e-01 6.35042155e-01
0.00000000e+00 0.00000000e+00 0.00000000e+00 1.00000000e+00
9.99909661e-01 -2.35364831e-06 1.34413225e-02 -3.71091448e-01
5.36497354e-09 9.99999985e-01 1.74706304e-04 -3.86278095e-10
-1.34413227e-02 -1.74690449e-04 9.99909646e-01 6.35037837e-01
0.00000000e+00 0.00000000e+00 0.00000000e+00 1.00000000e+00
9.99909856e-01 -2.40637279e-06 1.34268643e-02 -3.71091263e-01
6.37741594e-09 9.99999984e-01 1.78745823e-04 -4.59173948e-10
-1.34268645e-02 -1.78729624e-04 9.99909840e-01 6.35036969e-01
0.00000000e+00 0.00000000e+00 0.00000000e+00 1.00000000e+00
9.99909835e-01 -2.49453116e-06 1.34283933e-02 -3.71090735e-01
6.63231837e-09 9.99999983e-01 1.85271562e-04 -4.77526923e-10
-1.34283935e-02 -1.85254768e-04 9.99909818e-01 6.35037537e-01
0.00000000e+00 0.00000000e+00 0.00000000e+00 1.00000000e+00
9.99909810e-01 -2.53628293e-06 1.34302463e-02 -3.71090096e-01
6.92235071e-09 9.99999982e-01 1.88333192e-04 -4.98409251e-10
-1.34302466e-02 -1.88316113e-04 9.99909792e-01 6.35038225e-01
0.00000000e+00 0.00000000e+00 0.00000000e+00 1.00000000e+00
9.99909682e-01 -2.46021730e-06 1.34397529e-02 -3.71086815e-01
6.37741594e-09 9.99999983e-01 1.82580769e-04 -4.59173948e-10
-1.34397531e-02 -1.82564193e-04 9.99909666e-01 6.35041753e-01
0.00000000e+00 0.00000000e+00 0.00000000e+00 1.00000000e+00
9.99909429e-01 -2.41204182e-06 1.34585799e-02 -3.71081343e-01
6.37741594e-09 9.99999984e-01 1.78745823e-04 -4.59173948e-10
-1.34585801e-02 -1.78729548e-04 9.99909413e-01 6.35048747e-01
0.00000000e+00 0.00000000e+00 0.00000000e+00 1.00000000e+00
9.99907443e-01 -1.44511753e-06 1.36053406e-02 -3.71042665e-01
4.56096475e-09 9.99999994e-01 1.05881728e-04 -3.28389462e-10
-1.36053407e-02 -1.05871866e-04 9.99907437e-01 6.35103296e-01
0.00000000e+00 0.00000000e+00 0.00000000e+00 1.00000000e+00
9.99907107e-01 -6.06124874e-07 1.36300065e-02 -3.71044959e-01
-7.17151024e-10 9.99999999e-01 4.45224996e-05 5.16348738e-11
-1.36300065e-02 -4.45183735e-05 9.99907106e-01 6.35080215e-01
0.00000000e+00 0.00000000e+00 0.00000000e+00 1.00000000e+00
9.99907107e-01 -5.13000953e-07 1.36300065e-02 -3.71044959e-01
-6.32205123e-10 9.99999999e-01 3.76839952e-05 4.55187688e-11
-1.36300065e-02 -3.76805033e-05 9.99907106e-01 6.35080215e-01
0.00000000e+00 0.00000000e+00 0.00000000e+00 1.00000000e+00
9.99908240e-01 -1.09890662e-07 1.35466281e-02 -3.71072976e-01
-1.60649504e-09 1.00000000e+00 8.23060974e-06 1.15667643e-10
-1.35466281e-02 -8.22987626e-06 9.99908240e-01 6.35061781e-01
0.00000000e+00 0.00000000e+00 0.00000000e+00 1.00000000e+00
9.99908286e-01 -1.31602035e-07 1.35432505e-02 -3.71072824e-01
-1.85440054e-09 1.00000000e+00 9.85407943e-06 1.33516839e-10
-1.35432505e-02 -9.85320079e-06 9.99908286e-01 6.35062177e-01
0.00000000e+00 0.00000000e+00 0.00000000e+00 1.00000000e+00
9.99908180e-01 -1.06830726e-07 1.35510959e-02 -3.71071141e-01
-2.04797306e-09 1.00000000e+00 8.03466467e-06 1.47454060e-10
-1.35510959e-02 -8.03395468e-06 9.99908180e-01 6.35065096e-01
0.00000000e+00 0.00000000e+00 0.00000000e+00 1.00000000e+00
9.99907905e-01 -5.57049337e-08 1.35713343e-02 -3.71067489e-01
-2.04797306e-09 1.00000000e+00 4.25549300e-06 1.47454060e-10
-1.35713343e-02 -4.25512889e-06 9.99907905e-01 6.35072631e-01
0.00000000e+00 0.00000000e+00 0.00000000e+00 1.00000000e+00
9.99907173e-01 1.28367768e-07 1.36251919e-02 -3.71058035e-01
-3.46812723e-09 1.00000000e+00 -9.16684067e-06 2.49705161e-10
-1.36251919e-02 9.16594249e-06 9.99907173e-01 6.35096651e-01
0.00000000e+00 0.00000000e+00 0.00000000e+00 1.00000000e+00
9.99906795e-01 1.04154668e-07 1.36528904e-02 -3.71048882e-01
-5.81151942e-09 1.00000000e+00 -7.20314070e-06 4.18429398e-10
-1.36528904e-02 7.20238999e-06 9.99906795e-01 6.35115450e-01
0.00000000e+00 0.00000000e+00 0.00000000e+00 1.00000000e+00
9.99906504e-01 3.16714151e-07 1.36741957e-02 -3.71042328e-01
-7.82614332e-09 1.00000000e+00 -2.25891705e-05 5.63482319e-10
-1.36741957e-02 2.25869515e-05 9.99906504e-01 6.35127867e-01
0.00000000e+00 0.00000000e+00 0.00000000e+00 1.00000000e+00
9.99906500e-01 2.13691528e-07 1.36744606e-02 -3.71040253e-01
-8.96326389e-09 1.00000000e+00 -1.49716400e-05 6.45355000e-10
-1.36744607e-02 1.49701176e-05 9.99906500e-01 6.35131935e-01
0.00000000e+00 0.00000000e+00 0.00000000e+00 1.00000000e+00
9.99906316e-01 3.18161050e-07 1.36879142e-02 -3.71038172e-01
-8.96326389e-09 1.00000000e+00 -2.25891704e-05 6.45355000e-10
-1.36879142e-02 2.25869314e-05 9.99906316e-01 6.35136946e-01
0.00000000e+00 0.00000000e+00 0.00000000e+00 1.00000000e+00
9.99906640e-01 1.33411073e-07 1.36642329e-02 -3.71043430e-01
-8.15419084e-09 1.00000000e+00 -9.16682582e-06 5.87101741e-10
-1.36642329e-02 9.16585858e-06 9.99906640e-01 6.35125303e-01
0.00000000e+00 0.00000000e+00 0.00000000e+00 1.00000000e+00
9.99906536e-01 1.85911497e-07 1.36718262e-02 -3.71042860e-01
-8.15419084e-09 1.00000000e+00 -1.30017793e-05 5.87101741e-10
-1.36718262e-02 1.30004527e-05 9.99906536e-01 6.35128135e-01
0.00000000e+00 0.00000000e+00 0.00000000e+00 1.00000000e+00
9.99975215e-01 -1.50890137e-04 7.03891161e-03 -3.55403677e-01
1.44395402e-04 9.99999563e-01 9.23189405e-04 -1.03964689e-05
-7.03904784e-03 -9.22150138e-04 9.99974800e-01 6.82094560e-01
0.00000000e+00 0.00000000e+00 0.00000000e+00 1.00000000e+00
9.99999444e-01 -8.07469177e-04 -6.77791212e-04 -3.26858147e-01
8.08933514e-04 9.99997334e-01 2.16296880e-03 -5.82432130e-05
6.76042874e-04 -2.16351589e-03 9.99997431e-01 7.34225958e-01
0.00000000e+00 0.00000000e+00 0.00000000e+00 1.00000000e+00
9.99813795e-01 -3.87116392e-03 -1.89047524e-02 -2.25475343e-01
3.94001175e-03 9.99985737e-01 3.60593952e-03 -2.83680846e-04
1.88905235e-02 -3.67975302e-03 9.99814787e-01 8.27426802e-01
0.00000000e+00 0.00000000e+00 0.00000000e+00 1.00000000e+00
9.99285520e-01 -7.82780497e-03 -3.69753208e-02 -9.59052470e-02
7.91725207e-03 9.99966074e-01 2.27329871e-03 -5.70042149e-04
3.69562714e-02 -2.56441742e-03 9.99313593e-01 8.66385809e-01
0.00000000e+00 0.00000000e+00 0.00000000e+00 1.00000000e+00
9.98973046e-01 -9.33298991e-03 -4.43367610e-02 -4.02047710e-02
9.38003623e-03 9.99955643e-01 8.53184726e-04 -6.75362609e-04
4.43268315e-02 -1.26818897e-03 9.99016278e-01 8.65207885e-01
0.00000000e+00 0.00000000e+00 0.00000000e+00 1.00000000e+00
9.98664463e-01 -1.04240652e-02 -5.06026660e-02 5.42164832e-03
1.04025578e-02 9.99945655e-01 -6.88380697e-04 -7.48984165e-04
5.06070917e-02 1.61064179e-04 9.98718627e-01 8.56564653e-01
0.00000000e+00 0.00000000e+00 0.00000000e+00 1.00000000e+00
9.98669042e-01 -1.04040011e-02 -5.05163403e-02 5.41357149e-03
1.03828090e-02 9.99945865e-01 -6.81916819e-04 -7.47562247e-04
5.05207003e-02 1.56507705e-04 9.98723002e-01 8.56576340e-01
0.00000000e+00 0.00000000e+00 0.00000000e+00 1.00000000e+00
9.98669284e-01 -1.03907954e-02 -5.05142751e-02 5.41125718e-03
1.03694282e-02 9.99946001e-01 -6.85050480e-04 -7.46598832e-04
5.05186656e-02 1.60334722e-04 9.98723104e-01 8.56576742e-01
0.00000000e+00 0.00000000e+00 0.00000000e+00 1.00000000e+00
9.98669271e-01 -1.03941446e-02 -5.05138479e-02 5.41023149e-03
1.03727807e-02 9.99945967e-01 -6.85073444e-04 -7.46840208e-04
5.05182392e-02 1.60192732e-04 9.98723126e-01 8.56576912e-01
0.00000000e+00 0.00000000e+00 0.00000000e+00 1.00000000e+00
9.99789494e-01 -1.10155746e-02 -1.73096693e-02 7.79940634e-03
1.10242638e-02 9.99939148e-01 4.06645260e-04 -7.93746997e-04
1.73041366e-02 -5.97386021e-04 9.99850094e-01 8.62604423e-01
0.00000000e+00 0.00000000e+00 0.00000000e+00 1.00000000e+00
9.99666774e-01 -1.15995680e-02 2.30605795e-02 1.01917328e-02
1.15591383e-02 9.99931413e-01 1.88572610e-03 -8.32257957e-04
-2.30808714e-02 -1.61853730e-03 9.99732291e-01 8.65121063e-01
0.00000000e+00 0.00000000e+00 0.00000000e+00 1.00000000e+00
9.93005269e-01 -1.26950985e-02 1.17385566e-01 1.27927938e-02
1.20838977e-02 9.99909480e-01 5.91704083e-03 -8.70040637e-04
-1.17450057e-01 -4.45717755e-03 9.93068788e-01 8.50472973e-01
0.00000000e+00 0.00000000e+00 0.00000000e+00 1.00000000e+00
9.69617653e-01 -1.29914607e-02 2.44280227e-01 7.49778838e-03
1.03860116e-02 9.99874645e-01 1.19509138e-02 -7.47792834e-04
-2.44404866e-01 -9.05071975e-03 9.69631036e-01 7.86509964e-01
0.00000000e+00 0.00000000e+00 0.00000000e+00 1.00000000e+00
9.30273640e-01 -1.16208416e-02 3.66682303e-01 -1.02285263e-02
5.67769691e-03 9.99834530e-01 1.72822819e-02 -4.08794178e-04
-3.66822462e-01 -1.39953403e-02 9.30185687e-01 6.79403930e-01
0.00000000e+00 0.00000000e+00 0.00000000e+00 1.00000000e+00
8.91975927e-01 -9.49382008e-03 4.51983200e-01 -3.14057875e-02
5.58932033e-04 9.99801867e-01 1.98976093e-02 -4.02431064e-05
-4.52082551e-01 -1.74955606e-02 8.91804503e-01 5.80747331e-01
0.00000000e+00 0.00000000e+00 0.00000000e+00 1.00000000e+00
8.73278567e-01 -8.28488038e-03 4.87150802e-01 -4.24840735e-02
-1.96008592e-03 9.99787585e-01 2.05168944e-02 1.41126187e-04
-4.87217304e-01 -1.88718216e-02 8.73076831e-01 5.34814160e-01
0.00000000e+00 0.00000000e+00 0.00000000e+00 1.00000000e+00
8.56953638e-01 -7.19993640e-03 5.15343208e-01 -5.23336924e-02
-4.13250282e-03 9.99774286e-01 2.08398489e-02 2.97540203e-04
-5.15376934e-01 -1.99884416e-02 8.56730458e-01 4.96209164e-01
0.00000000e+00 0.00000000e+00 0.00000000e+00 1.00000000e+00
8.56994113e-01 -7.18676128e-03 5.15276081e-01 -5.23237991e-02
-4.12363970e-03 9.99775099e-01 2.08025955e-02 2.96902058e-04
-5.15309698e-01 -1.99525148e-02 8.56771739e-01 4.96239187e-01
0.00000000e+00 0.00000000e+00 0.00000000e+00 1.00000000e+00
8.57012872e-01 -7.18248583e-03 5.15244941e-01 -5.23229414e-02
-4.11999086e-03 9.99775383e-01 2.07896417e-02 2.96639342e-04
-5.15278529e-01 -1.99397950e-02 8.56790781e-01 4.96238880e-01
0.00000000e+00 0.00000000e+00 0.00000000e+00 1.00000000e+00
8.58343159e-01 -1.20339893e-02 5.12934893e-01 -5.55539995e-04
1.37941583e-03 9.99775416e-01 2.11474685e-02 -9.93179399e-05
-5.13074184e-01 -1.74442344e-02 8.58166988e-01 5.58691831e-01
0.00000000e+00 0.00000000e+00 0.00000000e+00 1.00000000e+00
8.60077037e-01 -1.69293114e-02 5.09883210e-01 8.35117415e-02
8.08684574e-03 9.99776099e-01 1.95539104e-02 -5.82252894e-04
-5.10100081e-01 -1.26945224e-02 8.60021370e-01 6.14806570e-01
0.00000000e+00 0.00000000e+00 0.00000000e+00 1.00000000e+00
8.62702452e-01 -2.09104746e-02 5.05279361e-01 2.39460152e-01
1.66652149e-02 9.99777635e-01 1.29209770e-02 -1.19989548e-03
-5.05437188e-01 -2.72636943e-03 8.62859094e-01 6.41543820e-01
0.00000000e+00 0.00000000e+00 0.00000000e+00 1.00000000e+00
8.65130822e-01 -1.98903280e-02 5.01151709e-01 3.72273283e-01
2.06031552e-02 9.99779270e-01 4.11355073e-03 -1.48342717e-03
-5.01122909e-01 6.76654691e-03 8.65349665e-01 5.97768858e-01
0.00000000e+00 0.00000000e+00 0.00000000e+00 1.00000000e+00
8.66265048e-01 -1.80033186e-02 4.99260200e-01 4.23154583e-01
2.09643708e-02 9.99780171e-01 -3.23159547e-04 -1.50943470e-03
-4.99144630e-01 1.07466178e-02 8.66452046e-01 5.58687938e-01
0.00000000e+00 0.00000000e+00 0.00000000e+00 1.00000000e+00
8.67243873e-01 -1.58884181e-02 4.97630007e-01 4.57882984e-01
2.05733762e-02 9.99780610e-01 -3.93304673e-03 -1.48128308e-03
-4.97458342e-01 1.36488400e-02 8.67380486e-01 5.19352564e-01
0.00000000e+00 0.00000000e+00 0.00000000e+00 1.00000000e+00
8.67246813e-01 -1.57695984e-02 4.97628662e-01 4.59383538e-01
2.05357234e-02 9.99780687e-01 -4.10627615e-03 -1.47857208e-03
-4.97454772e-01 1.37803195e-02 8.67380455e-01 5.17305189e-01
0.00000000e+00 0.00000000e+00 0.00000000e+00 1.00000000e+00
8.67231062e-01 -1.57699153e-02 4.97656101e-01 4.59380526e-01
2.05359507e-02 9.99780687e-01 -4.10515933e-03 -1.47858845e-03
-4.97482221e-01 1.37799628e-02 8.67364717e-01 5.17313926e-01
0.00000000e+00 0.00000000e+00 0.00000000e+00 1.00000000e+00
8.67232487e-01 -1.57727280e-02 4.97653529e-01 4.59381263e-01
2.05396743e-02 9.99780607e-01 -4.10608014e-03 -1.47885655e-03
-4.97479583e-01 1.37825675e-02 8.67366188e-01 5.17312564e-01
0.00000000e+00 0.00000000e+00 0.00000000e+00 1.00000000e+00
8.67235343e-01 -1.57693876e-02 4.97648657e-01 4.59381057e-01
2.05352913e-02 9.99780700e-01 -4.10530816e-03 -1.47854098e-03
-4.97474784e-01 1.37796285e-02 8.67368988e-01 5.17312219e-01
0.00000000e+00 0.00000000e+00 0.00000000e+00 1.00000000e+00
8.61983615e-01 -7.74278853e-04 5.06935546e-01 4.61116631e-01
9.75568601e-04 9.99999515e-01 -1.31467744e-04 -7.02409393e-05
-5.06935199e-01 6.07873443e-04 8.61983953e-01 5.14865000e-01
0.00000000e+00 0.00000000e+00 0.00000000e+00 1.00000000e+00
8.30026231e-01 6.86445954e-02 5.53483853e-01 4.69813532e-01
-9.36627987e-02 9.95458814e-01 1.70008794e-02 6.74372151e-03
-5.49803362e-01 -6.59520226e-02 8.32686372e-01 5.02590478e-01
0.00000000e+00 0.00000000e+00 0.00000000e+00 1.00000000e+00
4.75429431e-01 3.53380737e-01 8.05660543e-01 5.24225493e-01
-6.41260147e-01 7.66153252e-01 4.23629365e-02 4.61707306e-02
-6.02289199e-01 -5.36778585e-01 5.90860788e-01 4.05991769e-01
0.00000000e+00 0.00000000e+00 0.00000000e+00 1.00000000e+00
4.19055816e-01 6.72217830e-01 6.10340406e-01 4.78412642e-01
-8.54270721e-01 5.19633795e-01 1.42215914e-02 6.15074919e-02
-3.07593494e-01 -5.27355580e-01 7.92011575e-01 5.45949149e-01
0.00000000e+00 0.00000000e+00 0.00000000e+00 1.00000000e+00
-3.30803735e-02 5.13227408e-01 -8.57614900e-01 -2.08457752e-01
-9.82941490e-01 -1.72035305e-01 -6.50375387e-02 7.07717873e-02
-1.80919089e-01 8.40833801e-01 5.10163505e-01 7.89908427e-01
0.00000000e+00 0.00000000e+00 0.00000000e+00 1.00000000e+00
1.90052809e-02 1.87868641e-01 -9.82010271e-01 -3.49653099e-01
-9.45484399e-01 -3.16001973e-01 -7.87527994e-02 6.80748768e-02
-3.25112365e-01 9.29972111e-01 1.71621163e-01 7.03594901e-01
0.00000000e+00 0.00000000e+00 0.00000000e+00 1.00000000e+00
8.93567335e-02 6.99026100e-03 -9.95975156e-01 -4.14231610e-01
-9.15863065e-01 -3.92406510e-01 -8.49233591e-02 6.59421407e-02
-3.91420771e-01 9.19765333e-01 -2.86620421e-02 6.38647293e-01
0.00000000e+00 0.00000000e+00 0.00000000e+00 1.00000000e+00
9.88864269e-01 2.07712437e-05 -1.48820217e-01 -3.85960177e-01
-3.17958151e-02 9.76939198e-01 -2.11136993e-01 2.28929869e-03
1.45383918e-01 2.13517689e-01 9.66060926e-01 6.19236440e-01
0.00000000e+00 0.00000000e+00 0.00000000e+00 1.00000000e+00
9.99620606e-01 6.04753459e-04 -2.75368672e-02 -3.75569311e-01
-2.30282482e-03 9.98093596e-01 -6.16755193e-02 1.65803387e-04
2.74470724e-02 6.17155325e-02 9.97716318e-01 6.30948937e-01
0.00000000e+00 0.00000000e+00 0.00000000e+00 1.00000000e+00
9.99766705e-01 -2.36091136e-06 2.15994228e-02 -3.71072309e-01
1.19633832e-07 9.99999995e-01 1.03766913e-04 -8.61363590e-09
-2.15994230e-02 -1.03740121e-04 9.99766700e-01 6.35650879e-01
0.00000000e+00 0.00000000e+00 0.00000000e+00 1.00000000e+00
9.99766874e-01 -1.66419827e-06 2.15916318e-02 -3.71077460e-01
6.04788544e-07 9.99999999e-01 4.90722854e-05 -4.35447751e-08
-2.15916319e-02 -4.90477870e-05 9.99766872e-01 6.35651973e-01
0.00000000e+00 0.00000000e+00 0.00000000e+00 1.00000000e+00
9.99767859e-01 -1.51254763e-06 2.15459524e-02 -3.71075170e-01
6.81329482e-07 9.99999999e-01 3.85861946e-05 -4.90557227e-08
-2.15459525e-02 -3.85625573e-05 9.99767858e-01 6.35654730e-01
0.00000000e+00 0.00000000e+00 0.00000000e+00 1.00000000e+00
