9.20452769e-01 -5.40489395e-05 3.90853805e-01 6.31696739e-01
4.51874343e-05 9.99999998e-01 3.18687965e-05 -2.00059917e-05
-3.90853806e-01 -1.16720414e-05 9.20452770e-01 6.58123547e-01
0.00000000e+00 0.00000000e+00 0.00000000e+00 1.00000000e+00
9.20472416e-01 -5.79438143e-05 3.90807534e-01 6.31692069e-01
3.85139566e-05 9.99999998e-01 5.75546210e-05 -1.61752697e-05
-3.90807536e-01 -3.79258966e-05 9.20472416e-01 6.58106168e-01
0.00000000e+00 0.00000000e+00 0.00000000e+00 1.00000000e+00
9.20472416e-01 -5.46717630e-05 3.90807534e-01 6.31692069e-01
3.85139566e-05 9.99999998e-01 4.91820822e-05 -1.61752697e-05
-3.90807536e-01 -3.02192056e-05 9.20472416e-01 6.58106168e-01
0.00000000e+00 0.00000000e+00 0.00000000e+00 1.00000000e+00
9.20472416e-01 -5.44679702e-05 3.90807534e-01 6.31692069e-01
3.85139566e-05 9.99999998e-01 4.86606162e-05 -1.61752697e-05
-3.90807536e-01 -2.97392106e-05 9.20472416e-01 6.58106168e-01
0.00000000e+00 0.00000000e+00 0.00000000e+00 1.00000000e+00
9.20102840e-01 -5.84423158e-05 3.91676857e-01 6.34860011e-01
4.21987002e-05 9.99999998e-01 5.00799867e-05 -1.81957891e-05
-3.91676859e-01 -2.95504837e-05 9.20102841e-01 6.61722680e-01
0.00000000e+00 0.00000000e+00 0.00000000e+00 1.00000000e+00
9.17791704e-01 -2.41083438e-04 3.97062123e-01 6.89174301e-01
-1.67919237e-04 9.99999491e-01 9.95305709e-04 2.70700349e-06
-3.97062161e-01 -9.80157691e-04 9.17791196e-01 7.14222541e-01
0.00000000e+00 0.00000000e+00 0.00000000e+00 1.00000000e+00
9.14161650e-01 -1.11518795e-03 4.05348288e-01 7.80150285e-01
1.25191835e-04 9.99996945e-01 2.46883729e-03 -1.26754758e-05
-4.05349802e-01 -2.20617007e-03 9.14158996e-01 7.72037088e-01
0.00000000e+00 0.00000000e+00 0.00000000e+00 1.00000000e+00
9.06760210e-01 -4.31858352e-03 4.21624561e-01 9.96647726e-01
2.68772115e-03 9.99986432e-01 4.46227877e-03 -1.94618376e-04
-4.21638111e-01 -2.91300759e-03 9.06759515e-01 8.18887723e-01
0.00000000e+00 0.00000000e+00 0.00000000e+00 1.00000000e+00
8.98976450e-01 -7.95756552e-03 4.37924672e-01 1.22306701e+00
6.94131802e-03 9.99968220e-01 3.92129356e-03 -5.12544088e-04
-4.37941959e-01 -4.85376150e-04 8.99003117e-01 7.59055094e-01
0.00000000e+00 0.00000000e+00 0.00000000e+00 1.00000000e+00
8.94824482e-01 -9.18256653e-03 4.46323679e-01 1.32539941e+00
9.11730555e-03 9.99955806e-01 2.29378931e-03 -6.79611017e-04
-4.46325017e-01 2.01673052e-03 8.94868656e-01 6.86329492e-01
0.00000000e+00 0.00000000e+00 0.00000000e+00 1.00000000e+00
8.92006018e-01 -9.54723290e-03 4.51922686e-01 1.38465971e+00
1.03787167e-02 9.99945935e-01 6.39133630e-04 -7.78938404e-04
-4.51904355e-01 4.12026648e-03 8.92056880e-01 6.22118477e-01
0.00000000e+00 0.00000000e+00 0.00000000e+00 1.00000000e+00
8.91663834e-01 -9.50245958e-03 4.52598398e-01 1.39053314e+00
1.04235088e-02 9.99945568e-01 4.58853921e-04 -7.79676458e-04
-4.52578123e-01 4.30851993e-03 8.91714348e-01 6.14432766e-01
0.00000000e+00 0.00000000e+00 0.00000000e+00 1.00000000e+00
8.91674046e-01 -9.55419942e-03 4.52577189e-01 1.39052593e+00
1.04761978e-02 9.99945013e-01 4.69136348e-04 -7.57833031e-04
-4.52556785e-01 4.32297143e-03 8.91725108e-01 6.14439145e-01
0.00000000e+00 0.00000000e+00 0.00000000e+00 1.00000000e+00
9.42866735e-01 -1.63261176e-02 3.32769858e-01 1.34950911e+00
4.35585173e-03 9.99317350e-01 3.66859694e-02 5.14821209e-02
-3.33141632e-01 -3.31404840e-02 9.42294201e-01 6.36708828e-01
0.00000000e+00 0.00000000e+00 0.00000000e+00 1.00000000e+00
9.86182672e-01 -1.48596506e-02 1.64993722e-01 1.28470116e+00
8.69540655e-03 9.99239140e-01 3.80201448e-02 1.04673889e-01
-1.65433151e-01 -3.60601205e-02 9.85561536e-01 6.58975791e-01
0.00000000e+00 0.00000000e+00 0.00000000e+00 1.00000000e+00
9.88262828e-01 -2.75615094e-02 -1.50256271e-01 1.13136330e+00
6.90944322e-03 9.90647661e-01 -1.36269846e-01 1.51320847e-01
1.52606826e-01 1.33632236e-01 9.79210693e-01 6.81543835e-01
0.00000000e+00 0.00000000e+00 0.00000000e+00 1.00000000e+00
9.57830789e-01 -1.13515021e-01 -2.63959315e-01 9.72933875e-01
-6.64639612e-02 8.06208674e-01 -5.87886142e-01 9.03486650e-02
2.79540197e-01 5.80639229e-01 7.64666832e-01 6.69349707e-01
0.00000000e+00 0.00000000e+00 0.00000000e+00 1.00000000e+00
9.96736014e-01 -6.30349406e-02 -5.04372288e-02 9.27319540e-01
-1.58167601e-02 4.60177813e-01 -8.87685874e-01 -1.07898054e-02
7.91653200e-02 8.85586233e-01 4.57678791e-01 6.33816241e-01
0.00000000e+00 0.00000000e+00 0.00000000e+00 1.00000000e+00
9.89232286e-01 6.51837933e-02 1.31036474e-01 9.35552409e-01
1.08219957e-01 2.76973863e-01 -9.54763803e-01 -6.32572647e-02
-9.85288047e-02 9.58663941e-01 2.66937300e-01 6.07177486e-01
0.00000000e+00 0.00000000e+00 0.00000000e+00 1.00000000e+00
9.47331588e-01 1.86878463e-01 2.60075570e-01 9.51724566e-01
2.25864723e-01 1.85855511e-01 -9.56265055e-01 -9.31495193e-02
-2.27041822e-01 9.64641990e-01 1.33857544e-01 5.86398808e-01
0.00000000e+00 0.00000000e+00 0.00000000e+00 1.00000000e+00
9.39613258e-01 2.03088048e-01 2.75467186e-01 9.54175583e-01
2.41390655e-01 1.77300802e-01 -9.54093799e-01 -9.63682161e-02
-2.42605600e-01 9.62974387e-01 1.17570627e-01 5.83708564e-01
0.00000000e+00 0.00000000e+00 0.00000000e+00 1.00000000e+00
9.39604076e-01 2.03025839e-01 2.75544351e-01 9.54173479e-01
2.41464614e-01 1.77348866e-01 -9.54066151e-01 -9.63654092e-02
-2.42567559e-01 9.62978654e-01 1.17614161e-01 5.83722830e-01
0.00000000e+00 0.00000000e+00 0.00000000e+00 1.00000000e+00
9.39603564e-01 2.03028286e-01 2.75544291e-01 9.54173609e-01
2.41463683e-01 1.77351118e-01 -9.54065968e-01 -9.63656805e-02
-2.42570467e-01 9.62977723e-01 1.17615785e-01 5.83724175e-01
0.00000000e+00 0.00000000e+00 0.00000000e+00 1.00000000e+00
9.79206025e-01 1.17992262e-01 1.65025411e-01 9.40681139e-01
1.42306194e-01 1.80246405e-01 -9.73272922e-01 -8.41278123e-02
-1.44583911e-01 9.76518847e-01 1.59707336e-01 5.85754035e-01
0.00000000e+00 0.00000000e+00 0.00000000e+00 1.00000000e+00
9.99562686e-01 1.63901989e-02 2.46129669e-02 9.27998110e-01
2.05281969e-02 2.14493015e-01 -9.76509775e-01 -6.64294911e-02
-2.12844989e-02 9.76587993e-01 2.14062753e-01 5.87986508e-01
0.00000000e+00 0.00000000e+00 0.00000000e+00 1.00000000e+00
9.58461812e-01 -1.37250839e-01 -2.50026323e-01 9.17989790e-01
-1.84691884e-01 3.69342864e-01 -9.10755047e-01 -2.73858433e-02
2.17347332e-01 9.19101766e-01 3.28651915e-01 5.92180361e-01
0.00000000e+00 0.00000000e+00 0.00000000e+00 1.00000000e+00
8.04160031e-01 -1.61113966e-01 -5.72161633e-01 9.39906878e-01
-3.20151869e-01 6.93623490e-01 -6.45282291e-01 2.08519069e-02
5.00828738e-01 7.02088843e-01 5.06203350e-01 6.00291814e-01
0.00000000e+00 0.00000000e+00 0.00000000e+00 1.00000000e+00
7.22105000e-01 5.49874451e-02 -6.89594627e-01 9.95143686e-01
-2.78432732e-01 9.35631646e-01 -2.16953073e-01 3.20268376e-02
6.33276861e-01 3.48668615e-01 6.90934594e-01 6.15475534e-01
0.00000000e+00 0.00000000e+00 0.00000000e+00 1.00000000e+00
7.98314206e-01 2.92307307e-01 -5.26546168e-01 1.04428493e+00
-2.47707528e-01 9.56302817e-01 1.55325149e-01 -1.24123907e-02
5.48940260e-01 6.43117683e-03 8.35836845e-01 6.36906049e-01
0.00000000e+00 0.00000000e+00 0.00000000e+00 1.00000000e+00
8.89487769e-01 4.08326415e-01 -2.05136654e-01 1.04956871e+00
-3.35679202e-01 8.88465172e-01 3.12968227e-01 -9.90122310e-02
3.10049966e-01 -2.09521302e-01 9.27345589e-01 6.59027300e-01
0.00000000e+00 0.00000000e+00 0.00000000e+00 1.00000000e+00
8.82848879e-01 4.57912368e-01 1.04374906e-01 9.74564842e-01
-4.69554254e-01 8.55930496e-01 2.16568209e-01 -1.99479573e-01
9.83159618e-03 -2.40206681e-01 9.70671979e-01 6.73395605e-01
0.00000000e+00 0.00000000e+00 0.00000000e+00 1.00000000e+00
8.32562756e-01 5.13748522e-01 2.07127290e-01 8.46868997e-01
-5.28825337e-01 8.48467008e-01 2.11541812e-02 -2.40220799e-01
-1.64872743e-01 -1.27146342e-01 9.78085265e-01 6.69684724e-01
0.00000000e+00 0.00000000e+00 0.00000000e+00 1.00000000e+00
8.09895279e-01 5.56415869e-01 1.85663722e-01 7.45937692e-01
-5.47572772e-01 8.30662828e-01 -1.00813321e-01 -2.25565155e-01
-2.10318084e-01 -2.00161664e-02 9.77428083e-01 6.57515983e-01
0.00000000e+00 0.00000000e+00 0.00000000e+00 1.00000000e+00
8.03501410e-01 5.74967694e-01 1.54264823e-01 6.96924320e-01
-5.56686227e-01 8.17525163e-01 -1.47489160e-01 -2.04500705e-01
-2.10916877e-01 3.26306457e-02 9.76959217e-01 6.48790661e-01
0.00000000e+00 0.00000000e+00 0.00000000e+00 1.00000000e+00
7.99645459e-01 5.88154717e-01 1.21000697e-01 6.58707129e-01
-5.65599351e-01 8.05426494e-01 -1.77159635e-01 -1.80550768e-01
-2.01654442e-01 7.32269815e-02 9.76715565e-01 6.40383091e-01
0.00000000e+00 0.00000000e+00 0.00000000e+00 1.00000000e+00
7.99649649e-01 5.88144355e-01 1.21023372e-01 6.58729760e-01
-5.65591918e-01 8.05436738e-01 -1.77136794e-01 -1.80559886e-01
-2.01658676e-01 7.31975339e-02 9.76716898e-01 6.40391052e-01
0.00000000e+00 0.00000000e+00 0.00000000e+00 1.00000000e+00
7.99616940e-01 5.88196760e-01 1.20984797e-01 6.58736292e-01
-5.65662499e-01 8.05403027e-01 -1.77064679e-01 -1.80548609e-01
-2.01590393e-01 7.31473540e-02 9.76734753e-01 6.40387726e-01
0.00000000e+00 0.00000000e+00 0.00000000e+00 1.00000000e+00
7.99674399e-01 5.88113390e-01 1.21010316e-01 6.58766492e-01
-5.65578799e-01 8.05464147e-01 -1.77054032e-01 -1.80588733e-01
-2.01597318e-01 7.31447075e-02 9.76733522e-01 6.40395400e-01
0.00000000e+00 0.00000000e+00 0.00000000e+00 1.00000000e+00
8.23872651e-01 5.56946083e-01 1.05094789e-01 6.87823646e-01
-5.36545188e-01 8.26153483e-01 -1.72016522e-01 -2.16568937e-01
-1.82628354e-01 8.53316051e-02 9.79472001e-01 6.57768702e-01
0.00000000e+00 0.00000000e+00 0.00000000e+00 1.00000000e+00
8.52885940e-01 5.14833261e-01 8.67887458e-02 7.33628560e-01
-4.96740289e-01 8.51348806e-01 -1.68684011e-01 -2.55693353e-01
-1.60731635e-01 1.00756755e-01 9.81841850e-01 6.80292050e-01
0.00000000e+00 0.00000000e+00 0.00000000e+00 1.00000000e+00
9.04537073e-01 4.22187197e-01 5.97549433e-02 8.48944530e-01
-4.07596791e-01 8.97278420e-01 -1.69576806e-01 -3.01518885e-01
-1.25209978e-01 1.29032585e-01 9.83703743e-01 7.25971306e-01
0.00000000e+00 0.00000000e+00 0.00000000e+00 1.00000000e+00
9.59228620e-01 2.77903350e-01 5.14799207e-02 1.01677867e+00
-2.65819799e-01 9.48962591e-01 -1.69734602e-01 -2.69130543e-01
-9.60223334e-02 1.49129906e-01 9.84144290e-01 7.84371527e-01
0.00000000e+00 0.00000000e+00 0.00000000e+00 1.00000000e+00
9.89004423e-01 1.32789585e-01 6.50936008e-02 1.10618187e+00
-1.22689460e-01 9.82495404e-01 -1.40178737e-01 -1.58570853e-01
-8.25684399e-02 1.30651092e-01 9.87984183e-01 8.22078040e-01
0.00000000e+00 0.00000000e+00 0.00000000e+00 1.00000000e+00
9.97593334e-01 1.23702949e-02 6.82240069e-02 1.10874320e+00
-6.40338069e-03 9.96188138e-01 -8.69953465e-02 -6.51097204e-02
-6.90401045e-02 8.63491135e-02 9.93869858e-01 8.35014947e-01
0.00000000e+00 0.00000000e+00 0.00000000e+00 1.00000000e+00
9.96484267e-01 -5.93959460e-02 5.90866144e-02 1.08843596e+00
6.21778022e-02 9.96985393e-01 -4.64117135e-02 -2.33624955e-02
-5.61518238e-02 4.99224182e-02 9.97173367e-01 8.35188151e-01
0.00000000e+00 0.00000000e+00 0.00000000e+00 1.00000000e+00
9.93711029e-01 -1.00845003e-01 4.86690501e-02 1.07220092e+00
1.01972085e-01 9.94560209e-01 -2.12528945e-02 -5.49283702e-03
-4.62610525e-02 2.60821202e-02 9.98588823e-01 8.32889400e-01
0.00000000e+00 0.00000000e+00 0.00000000e+00 1.00000000e+00
9.92475964e-01 -1.14079740e-01 4.44665576e-02 1.06658163e+00
1.14761966e-01 9.93306696e-01 -1.30957703e-02 -7.96609027e-04
-4.26749674e-02 1.81003069e-02 9.98925035e-01 8.31788244e-01
0.00000000e+00 0.00000000e+00 0.00000000e+00 1.00000000e+00
9.99905283e-01 -6.61949484e-05 1.37630281e-02 6.28936368e-01
6.57606868e-05 9.99999997e-01 3.20053168e-05 -2.44036474e-05
-1.37630302e-02 -3.10972191e-05 9.99905285e-01 6.35130046e-01
0.00000000e+00 0.00000000e+00 0.00000000e+00 1.00000000e+00
9.99905142e-01 -6.29956100e-05 1.37733031e-02 6.28936070e-01
6.25915929e-05 9.99999998e-01 2.97644125e-05 -2.32276224e-05
-1.37733049e-02 -2.88994961e-05 9.99905143e-01 6.35133886e-01
0.00000000e+00 0.00000000e+00 0.00000000e+00 1.00000000e+00
9.99905851e-01 9.27686205e-05 1.37215300e-02 6.28960173e-01
-9.34496706e-05 9.99999994e-01 4.89925247e-05 3.46769816e-05
-1.37215254e-02 -5.02701845e-05 9.99905854e-01 6.35132508e-01
0.00000000e+00 0.00000000e+00 0.00000000e+00 1.00000000e+00
9.99905820e-01 9.44267574e-05 1.37238096e-02 6.28960960e-01
-9.50698994e-05 9.99999994e-01 4.62108405e-05 3.52781339e-05
-1.37238051e-02 -4.75112095e-05 9.99905823e-01 6.35133354e-01
0.00000000e+00 0.00000000e+00 0.00000000e+00 1.00000000e+00
9.99905851e-01 9.12883400e-05 1.37215295e-02 6.28960173e-01
-9.19009961e-05 9.99999995e-01 4.40187260e-05 3.41022579e-05
-1.37215254e-02 -4.52756039e-05 9.99905854e-01 6.35132508e-01
0.00000000e+00 0.00000000e+00 0.00000000e+00 1.00000000e+00
9.99906037e-01 8.81826264e-05 1.37080207e-02 6.28956377e-01
-8.87320341e-05 9.99999995e-01 3.94710897e-05 3.29266344e-05
-1.37080171e-02 -4.06837214e-05 9.99906040e-01 6.35127489e-01
0.00000000e+00 0.00000000e+00 0.00000000e+00 1.00000000e+00
9.99906235e-01 7.17496692e-05 1.36936471e-02 6.28952087e-01
-7.18537192e-05 9.99999997e-01 7.10642579e-06 2.66636483e-05
-1.36936465e-02 -8.08969893e-06 9.99906238e-01 6.35122152e-01
0.00000000e+00 0.00000000e+00 0.00000000e+00 1.00000000e+00
9.99906552e-01 4.28003892e-05 1.36706318e-02 6.28943875e-01
-4.22779252e-05 9.99999998e-01 -3.85069800e-05 1.56888007e-05
-1.36706334e-02 3.79254156e-05 9.99906552e-01 6.35112480e-01
0.00000000e+00 0.00000000e+00 0.00000000e+00 1.00000000e+00
9.99906677e-01 2.10581989e-05 1.36615288e-02 6.28931562e-01
-1.98047044e-05 9.99999996e-01 -9.18888828e-05 7.34960153e-06
-1.36615307e-02 9.16097448e-05 9.99906673e-01 6.35095343e-01
0.00000000e+00 0.00000000e+00 0.00000000e+00 1.00000000e+00
9.99906395e-01 1.19549970e-05 1.36821264e-02 6.28928617e-01
-1.02962946e-05 9.99999993e-01 -1.21301763e-04 3.82137688e-06
-1.36821278e-02 1.21149534e-04 9.99906388e-01 6.35093075e-01
0.00000000e+00 0.00000000e+00 0.00000000e+00 1.00000000e+00
9.99906244e-01 5.86864986e-06 1.36932028e-02 6.28927265e-01
-3.95732083e-06 9.99999990e-01 -1.39609412e-04 1.46919086e-06
-1.36932035e-02 1.39542134e-04 9.99906234e-01 6.35092688e-01
0.00000000e+00 0.00000000e+00 0.00000000e+00 1.00000000e+00
9.99906265e-01 2.69904698e-06 1.36916187e-02 6.28926718e-01
-7.88236216e-07 9.99999990e-01 -1.39566012e-04 2.93120128e-07
-1.36916190e-02 1.39542137e-04 9.99906256e-01 6.35092100e-01
0.00000000e+00 0.00000000e+00 0.00000000e+00 1.00000000e+00
9.99906195e-01 5.80339078e-06 1.36967937e-02 6.28927518e-01
-3.89659839e-06 9.99999990e-01 -1.39241190e-04 1.44665539e-06
-1.36967944e-02 1.39174758e-04 9.99906185e-01 6.35094027e-01
0.00000000e+00 0.00000000e+00 0.00000000e+00 1.00000000e+00
9.99906142e-01 5.79116067e-06 1.37006194e-02 6.28928799e-01
-3.95760816e-06 9.99999991e-01 -1.33857008e-04 1.46920551e-06
-1.37006200e-02 1.33790222e-04 9.99906133e-01 6.35095447e-01
0.00000000e+00 0.00000000e+00 0.00000000e+00 1.00000000e+00
9.99905998e-01 7.24579976e-06 1.37110959e-02 6.28931390e-01
-5.54214947e-06 9.99999992e-01 -1.24291393e-04 2.05722427e-06
-1.37110967e-02 1.24203721e-04 9.99905991e-01 6.35099343e-01
0.00000000e+00 0.00000000e+00 0.00000000e+00 1.00000000e+00
9.99905592e-01 1.62344774e-05 1.37407184e-02 6.28938239e-01
-1.50505583e-05 9.99999996e-01 -8.62647751e-05 5.58537898e-06
-1.37407197e-02 8.60498255e-05 9.99905588e-01 6.35112450e-01
0.00000000e+00 0.00000000e+00 0.00000000e+00 1.00000000e+00
9.99904588e-01 3.22956575e-05 1.38135459e-02 6.28948958e-01
-3.16892388e-05 9.99999999e-01 -4.41191721e-05 1.17593047e-05
-1.38135473e-02 4.36772219e-05 9.99904587e-01 6.35140324e-01
0.00000000e+00 0.00000000e+00 0.00000000e+00 1.00000000e+00
9.99903610e-01 4.40725792e-05 1.38841167e-02 6.28960259e-01
-4.43669887e-05 9.99999999e-01 2.08967588e-05 1.64629180e-05
-1.38841158e-02 -2.15107410e-05 9.99903611e-01 6.35166605e-01
0.00000000e+00 0.00000000e+00 0.00000000e+00 1.00000000e+00
9.99903268e-01 4.99786497e-05 1.39087267e-02 6.28964909e-01
-5.07059026e-05 9.99999997e-01 5.19348899e-05 1.88146714e-05
-1.39087240e-02 -5.26351206e-05 9.99903268e-01 6.35175764e-01
0.00000000e+00 0.00000000e+00 0.00000000e+00 1.00000000e+00
9.99903151e-01 5.32563645e-05 1.39171109e-02 6.28965753e-01
-5.41910582e-05 9.99999996e-01 6.67843764e-05 2.01077983e-05
-1.39171073e-02 -6.75320914e-05 9.99903150e-01 6.35178890e-01
0.00000000e+00 0.00000000e+00 0.00000000e+00 1.00000000e+00
9.99903162e-01 5.28537897e-05 1.39163217e-02 6.28965480e-01
-5.38753818e-05 9.99999996e-01 7.30347477e-05 1.99906220e-05
-1.39163178e-02 -7.37774223e-05 9.99903161e-01 6.35178597e-01
0.00000000e+00 0.00000000e+00 0.00000000e+00 1.00000000e+00
9.99903424e-01 5.30476014e-05 1.38974677e-02 6.28964963e-01
-5.38743327e-05 9.99999997e-01 5.91135463e-05 1.99905733e-05
-1.38974645e-02 -5.98565541e-05 9.99903424e-01 6.35175218e-01
0.00000000e+00 0.00000000e+00 0.00000000e+00 1.00000000e+00
9.99903334e-01 5.30476894e-05 1.39039301e-02 6.28964323e-01
-5.38748029e-05 9.99999997e-01 5.91131981e-05 1.99906420e-05
-1.39039269e-02 -5.98565554e-05 9.99903334e-01 6.35175677e-01
0.00000000e+00 0.00000000e+00 0.00000000e+00 1.00000000e+00
9.99903388e-01 4.97452735e-05 1.39000716e-02 6.28963862e-01
-5.07057303e-05 9.99999996e-01 6.87448394e-05 1.88147117e-05
-1.39000682e-02 -6.94430111e-05 9.99903387e-01 6.35174239e-01
0.00000000e+00 0.00000000e+00 0.00000000e+00 1.00000000e+00
9.99903585e-01 4.98786984e-05 1.38859314e-02 6.28963241e-01
-5.07050534e-05 9.99999997e-01 5.91581776e-05 1.88146937e-05
-1.38859284e-02 -5.98565608e-05 9.99903584e-01 6.35171796e-01
0.00000000e+00 0.00000000e+00 0.00000000e+00 1.00000000e+00
9.99905418e-01 3.45661803e-05 1.37533382e-02 6.28948997e-01
-3.48587558e-05 9.99999999e-01 2.10333319e-05 1.29353341e-05
-1.37533374e-02 -2.15107668e-05 9.99905418e-01 6.35122366e-01
0.00000000e+00 0.00000000e+00 0.00000000e+00 1.00000000e+00
9.99905661e-01 3.01658000e-05 1.37356178e-02 6.28947237e-01
-3.03267417e-05 9.99999999e-01 1.15088203e-05 1.12536906e-05
-1.37356175e-02 -1.19242911e-05 9.99905662e-01 6.35115758e-01
0.00000000e+00 0.00000000e+00 0.00000000e+00 1.00000000e+00
9.99905798e-01 2.82791776e-05 1.37256482e-02 6.28945847e-01
-2.85205109e-05 9.99999999e-01 1.73869121e-05 1.05834139e-05
-1.37256477e-02 -1.77767367e-05 9.99905799e-01 6.35112044e-01
0.00000000e+00 0.00000000e+00 0.00000000e+00 1.00000000e+00
9.99906056e-01 2.83593513e-05 1.37069055e-02 6.28943638e-01
-2.85201323e-05 1.00000000e+00 1.15344534e-05 1.05834491e-05
-1.37069051e-02 -1.19242926e-05 9.99906056e-01 6.35107892e-01
0.00000000e+00 0.00000000e+00 0.00000000e+00 1.00000000e+00
9.99905817e-01 2.82745824e-05 1.37243027e-02 6.28945746e-01
-2.85205201e-05 9.99999999e-01 1.77241439e-05 1.05834174e-05
-1.37243022e-02 -1.81138989e-05 9.99905817e-01 6.35111542e-01
0.00000000e+00 0.00000000e+00 0.00000000e+00 1.00000000e+00
9.99905942e-01 2.83592525e-05 1.37151920e-02 6.28945472e-01
-2.85201290e-05 1.00000000e+00 1.15342170e-05 1.05833968e-05
-1.37151917e-02 -1.19242912e-05 9.99905942e-01 6.35110975e-01
0.00000000e+00 0.00000000e+00 0.00000000e+00 1.00000000e+00
9.99905980e-01 2.28654258e-05 1.37124124e-02 6.28943925e-01
-2.29742053e-05 1.00000000e+00 7.77539942e-06 8.52540604e-06
-1.37124122e-02 -8.08970016e-06 9.99905980e-01 6.35109432e-01
0.00000000e+00 0.00000000e+00 0.00000000e+00 1.00000000e+00
9.99905907e-01 1.32258847e-05 1.37177686e-02 6.28943127e-01
-1.34671180e-05 1.00000000e+00 1.74930857e-05 4.99737394e-06
-1.37177684e-02 -1.76761785e-05 9.99905907e-01 6.35109120e-01
0.00000000e+00 0.00000000e+00 0.00000000e+00 1.00000000e+00
9.99906032e-01 -8.88116027e-06 1.37086593e-02 6.28939864e-01
8.71685970e-06 1.00000000e+00 1.20449180e-05 -3.23482873e-06
-1.37086594e-02 -1.19242897e-05 9.99906032e-01 6.35105741e-01
0.00000000e+00 0.00000000e+00 0.00000000e+00 1.00000000e+00
9.99906062e-01 -2.86376473e-05 1.37064677e-02 6.28938202e-01
2.85240761e-05 1.00000000e+00 8.48145088e-06 -1.05851029e-05
-1.37064679e-02 -8.08968982e-06 9.99906062e-01 6.35104934e-01
0.00000000e+00 0.00000000e+00 0.00000000e+00 1.00000000e+00
9.99906150e-01 -4.46159988e-05 1.36999643e-02 6.28934933e-01
4.43696487e-05 9.99999999e-01 1.82857513e-05 -1.64654415e-05
-1.36999651e-02 -1.76761726e-05 9.99906151e-01 6.35102528e-01
0.00000000e+00 0.00000000e+00 0.00000000e+00 1.00000000e+00
9.99906173e-01 -5.73462681e-05 1.36982141e-02 6.28933304e-01
5.70462286e-05 9.99999998e-01 2.22942793e-05 -2.11697381e-05
-1.36982153e-02 -2.15107561e-05 9.99906175e-01 6.35101886e-01
0.00000000e+00 0.00000000e+00 0.00000000e+00 1.00000000e+00
9.99906208e-01 -6.05420561e-05 1.36956726e-02 6.28931401e-01
6.02155148e-05 9.99999998e-01 2.42550253e-05 -2.23459201e-05
-1.36956740e-02 -2.34280584e-05 9.99906210e-01 6.35100950e-01
0.00000000e+00 0.00000000e+00 0.00000000e+00 1.00000000e+00
9.99906208e-01 -6.29196307e-05 1.36956731e-02 6.28931402e-01
6.27241597e-05 9.99999998e-01 1.47020059e-05 -2.32768868e-05
-1.36956740e-02 -1.38415774e-05 9.99906210e-01 6.35100950e-01
0.00000000e+00 0.00000000e+00 0.00000000e+00 1.00000000e+00
9.99906120e-01 -6.29193623e-05 1.37020872e-02 6.28931619e-01
6.25924423e-05 9.99999998e-01 2.42879819e-05 -2.32279578e-05
-1.37020887e-02 -2.34280546e-05 9.99906122e-01 6.35102269e-01
0.00000000e+00 0.00000000e+00 0.00000000e+00 1.00000000e+00
9.99906161e-01 -6.28871443e-05 1.36990998e-02 6.28931815e-01
6.25923225e-05 9.99999998e-01 2.19500034e-05 -2.32279367e-05
-1.36991012e-02 -2.10904852e-05 9.99906163e-01 6.35102228e-01
0.00000000e+00 0.00000000e+00 0.00000000e+00 1.00000000e+00
9.99906167e-01 -6.05421266e-05 1.36986822e-02 6.28931628e-01
6.02155123e-05 9.99999998e-01 2.42552065e-05 -2.23459065e-05
-1.36986837e-02 -2.34280574e-05 9.99906168e-01 6.35102073e-01
0.00000000e+00 0.00000000e+00 0.00000000e+00 1.00000000e+00
9.99902885e-01 3.50643859e-05 1.39362422e-02 6.28982287e-01
-3.48575893e-05 9.99999999e-01 -1.50816670e-05 1.29340960e-05
-1.39362428e-02 1.45944185e-05 9.99902886e-01 6.35202924e-01
0.00000000e+00 0.00000000e+00 0.00000000e+00 1.00000000e+00
9.99902998e-01 3.49352037e-05 1.39281388e-02 6.28981926e-01
-3.48575590e-05 9.99999999e-01 -5.81742837e-06 1.29341061e-05
-1.39281390e-02 5.33136314e-06 9.99902999e-01 6.35200912e-01
0.00000000e+00 0.00000000e+00 0.00000000e+00 1.00000000e+00
9.99905401e-01 -7.46723631e-05 1.37543826e-02 6.28973597e-01
7.52660528e-05 9.99999996e-01 -4.26460399e-05 -2.79288348e-05
-1.37543794e-02 4.36772437e-05 9.99905403e-01 6.35149219e-01
0.00000000e+00 0.00000000e+00 0.00000000e+00 1.00000000e+00
9.99905454e-01 -7.77359702e-05 1.37505289e-02 6.28973308e-01
7.84346610e-05 9.99999996e-01 -5.02726454e-05 -2.91047485e-05
-1.37505249e-02 5.13464104e-05 9.99905456e-01 6.35147781e-01
0.00000000e+00 0.00000000e+00 0.00000000e+00 1.00000000e+00
9.99905557e-01 -7.77360984e-05 1.37430101e-02 6.28973300e-01
7.84344112e-05 9.99999996e-01 -5.02732352e-05 -2.91047305e-05
-1.37430062e-02 5.13464122e-05 9.99905559e-01 6.35147240e-01
0.00000000e+00 0.00000000e+00 0.00000000e+00 1.00000000e+00
9.99905456e-01 -7.74262118e-05 1.37503504e-02 6.28973246e-01
7.80781279e-05 9.99999996e-01 -4.68740546e-05 -2.89724575e-05
-1.37503467e-02 4.79432245e-05 9.99905458e-01 6.35147715e-01
0.00000000e+00 0.00000000e+00 0.00000000e+00 1.00000000e+00
9.99905037e-01 3.86332723e-05 1.37809849e-02 6.28967357e-01
-3.80276883e-05 9.99999998e-01 -4.42054919e-05 1.41106295e-05
-1.37809866e-02 4.36772350e-05 9.99905037e-01 6.35153536e-01
0.00000000e+00 0.00000000e+00 0.00000000e+00 1.00000000e+00
9.99904800e-01 3.86337037e-05 1.37981969e-02 6.28966828e-01
-3.80273587e-05 9.99999998e-01 -4.42061465e-05 1.41106265e-05
-1.37981986e-02 4.36772290e-05 9.99904799e-01 6.35154301e-01
0.00000000e+00 0.00000000e+00 0.00000000e+00 1.00000000e+00
9.99904761e-01 3.70065516e-05 1.38010217e-02 6.28966831e-01
-3.64398563e-05 9.99999998e-01 -4.13132985e-05 1.35215884e-05
-1.38010232e-02 4.08064566e-05 9.99904761e-01 6.35154504e-01
0.00000000e+00 0.00000000e+00 0.00000000e+00 1.00000000e+00
9.99904800e-01 3.85980994e-05 1.37981970e-02 6.28966828e-01
-3.80272939e-05 9.99999998e-01 -4.16304835e-05 1.41106219e-05
-1.37981986e-02 4.11018121e-05 9.99904799e-01 6.35154301e-01
0.00000000e+00 0.00000000e+00 0.00000000e+00 1.00000000e+00
9.99904742e-01 3.55438966e-05 1.38023450e-02 6.28967568e-01
-3.48582732e-05 9.99999998e-01 -4.99149896e-05 1.29346537e-05
-1.38023468e-02 4.94291089e-05 9.99904742e-01 6.35155845e-01
0.00000000e+00 0.00000000e+00 0.00000000e+00 1.00000000e+00
9.99904726e-01 2.92051979e-05 1.38035793e-02 6.28967661e-01
-2.85201168e-05 9.99999998e-01 -4.98275350e-05 1.05827656e-05
-1.38035807e-02 4.94291080e-05 9.99904725e-01 6.35156305e-01
0.00000000e+00 0.00000000e+00 0.00000000e+00 1.00000000e+00
9.99904671e-01 1.28968146e-05 1.38075408e-02 6.28969028e-01
-1.19483597e-05 9.99999998e-01 -6.87735716e-05 4.43343361e-06
-1.38075417e-02 6.86020381e-05 9.99904669e-01 6.35157775e-01
0.00000000e+00 0.00000000e+00 0.00000000e+00 1.00000000e+00
9.99904355e-01 -2.19987576e-05 1.38304404e-02 6.28975297e-01
2.37674760e-05 9.99999992e-01 -1.27721552e-04 -8.81995514e-06
-1.38304375e-02 1.28038050e-04 9.99904347e-01 6.35169117e-01
0.00000000e+00 0.00000000e+00 0.00000000e+00 1.00000000e+00
9.99904328e-01 -2.97890240e-05 1.38323328e-02 6.28974669e-01
3.16898418e-05 9.99999990e-01 -1.37199291e-04 -1.17597491e-05
-1.38323286e-02 1.37624509e-04 9.99904319e-01 6.35169828e-01
0.00000000e+00 0.00000000e+00 0.00000000e+00 1.00000000e+00
9.99904506e-01 -3.29063692e-05 1.38194513e-02 6.28973457e-01
3.48581138e-05 9.99999989e-01 -1.40990853e-04 -1.29356526e-05
-1.38194466e-02 1.41459110e-04 9.99904497e-01 6.35167859e-01
0.00000000e+00 0.00000000e+00 0.00000000e+00 1.00000000e+00
9.99904395e-01 2.81314217e-05 1.38274854e-02 6.28974041e-01
-2.61461970e-05 9.99999989e-01 -1.43751668e-04 9.70084932e-06
-1.38274893e-02 1.43376388e-04 9.99904385e-01 6.35171993e-01
0.00000000e+00 0.00000000e+00 0.00000000e+00 1.00000000e+00
9.99904450e-01 2.82186930e-05 1.38235652e-02 6.28973855e-01
-2.61465682e-05 9.99999988e-01 -1.50078705e-04 9.70088081e-06
-1.38235693e-02 1.49702926e-04 9.99904439e-01 6.35171494e-01
0.00000000e+00 0.00000000e+00 0.00000000e+00 1.00000000e+00
9.99904499e-01 3.03747868e-05 1.38199726e-02 6.28972294e-01
-2.85229125e-05 9.99999991e-01 -1.34196936e-04 1.05828352e-05
-1.38199765e-02 1.33789934e-04 9.99904491e-01 6.35170255e-01
0.00000000e+00 0.00000000e+00 0.00000000e+00 1.00000000e+00
9.99906341e-01 6.92941126e-05 1.36858908e-02 6.28929397e-01
-6.95032964e-05 9.99999997e-01 1.48090009e-05 2.57941935e-05
-1.36858898e-02 -1.57588285e-05 9.99906344e-01 6.35129054e-01
0.00000000e+00 0.00000000e+00 0.00000000e+00 1.00000000e+00
9.99906436e-01 6.71804248e-05 1.36789980e-02 6.28928959e-01
-6.73372509e-05 9.99999998e-01 1.10041631e-05 2.49903729e-05
-1.36789972e-02 -1.19242397e-05 9.99906438e-01 6.35128183e-01
0.00000000e+00 0.00000000e+00 0.00000000e+00 1.00000000e+00
9.99906411e-01 6.80675645e-05 1.36808404e-02 6.28928679e-01
-6.82243279e-05 9.99999998e-01 1.09919054e-05 2.53195173e-05
-1.36808397e-02 -1.19242428e-05 9.99906413e-01 6.35127172e-01
0.00000000e+00 0.00000000e+00 0.00000000e+00 1.00000000e+00
9.99906638e-01 7.04819506e-05 1.36642060e-02 6.28926458e-01
-7.05073143e-05 9.99999998e-01 1.37447214e-06 2.61666833e-05
-1.36642059e-02 -2.33777028e-06 9.99906640e-01 6.35121376e-01
0.00000000e+00 0.00000000e+00 0.00000000e+00 1.00000000e+00
9.99907473e-01 8.05302743e-05 1.36029061e-02 6.28921103e-01
-8.05024623e-05 9.99999997e-01 -2.59212264e-06 2.98761708e-05
-1.36029063e-02 1.49681536e-06 9.99907476e-01 6.35099813e-01
0.00000000e+00 0.00000000e+00 0.00000000e+00 1.00000000e+00
9.99908075e-01 8.86811409e-05 1.35584957e-02 6.28917126e-01
-8.87306819e-05 9.99999996e-01 3.05231218e-06 3.29300072e-05
-1.35584954e-02 -4.25508617e-06 9.99908079e-01 6.35083250e-01
0.00000000e+00 0.00000000e+00 0.00000000e+00 1.00000000e+00
9.99908353e-01 8.91687408e-05 1.35380271e-02 6.28915161e-01
-8.90883924e-05 9.99999996e-01 -6.53808243e-06 3.30626808e-05
-1.35380276e-02 5.33140216e-06 9.99908357e-01 6.35075618e-01
0.00000000e+00 0.00000000e+00 0.00000000e+00 1.00000000e+00
