-5.40478906e-02 9.97692909e-01 4.10814350e-02 -1.44330221e-01
9.98520851e-01 5.42447152e-02 -3.69076885e-03 -4.01627156e-02
-5.91070465e-03 4.08211911e-02 -9.99148985e-01 3.43202761e-01
0.00000000e+00 0.00000000e+00 0.00000000e+00 1.00000000e+00
-5.40923405e-02 9.97689933e-01 4.10952076e-02 -1.44328456e-01
9.98519334e-01 5.42829457e-02 -3.53570816e-03 -4.01705189e-02
-5.75830936e-03 4.08431046e-02 -9.99148979e-01 3.43170662e-01
0.00000000e+00 0.00000000e+00 0.00000000e+00 1.00000000e+00
-5.54611490e-02 9.97548837e-01 4.26659040e-02 -1.44850617e-01
9.98028133e-01 5.41285580e-02 3.17796365e-02 -1.29289219e-02
2.93922955e-02 4.43443076e-02 -9.98583835e-01 3.53817683e-01
0.00000000e+00 0.00000000e+00 0.00000000e+00 1.00000000e+00
-5.63447374e-02 9.97520346e-01 4.21714227e-02 -1.45882964e-01
9.95309942e-01 5.27928900e-02 8.10618923e-02 1.59493696e-02
7.86345357e-02 4.65410473e-02 -9.95816520e-01 3.81603515e-01
0.00000000e+00 0.00000000e+00 0.00000000e+00 1.00000000e+00
-5.92106844e-02 9.97319887e-01 4.29783442e-02 -1.49285151e-01
9.72157492e-01 4.78312947e-02 2.29394808e-01 3.17120531e-02
2.26724294e-01 5.53643429e-02 -9.72384124e-01 4.97566504e-01
0.00000000e+00 0.00000000e+00 0.00000000e+00 1.00000000e+00
-6.12109982e-02 9.97215507e-01 4.25963199e-02 -1.52751614e-01
9.28671263e-01 4.12586924e-02 3.68601962e-01 -5.14380172e-02
3.65818124e-01 6.21204722e-02 -9.28610870e-01 6.30601182e-01
0.00000000e+00 0.00000000e+00 0.00000000e+00 1.00000000e+00
-6.22939368e-02 9.97027413e-01 4.53409692e-02 -1.54008706e-01
9.02792913e-01 3.69202180e-02 4.28487868e-01 -1.36043260e-01
4.25540152e-01 6.76257019e-02 -9.02409189e-01 6.86347914e-01
0.00000000e+00 0.00000000e+00 0.00000000e+00 1.00000000e+00
-6.33036831e-02 9.96851632e-01 4.77437706e-02 -1.54466932e-01
8.84249942e-01 3.38444532e-02 4.65785995e-01 -2.04058825e-01
4.62703668e-01 7.17033954e-02 -8.83608476e-01 7.10213147e-01
0.00000000e+00 0.00000000e+00 0.00000000e+00 1.00000000e+00
-6.32125513e-02 9.96803986e-01 4.88465598e-02 -1.54509277e-01
8.84796758e-01 3.33337280e-02 4.64783346e-01 -2.15559948e-01
4.61669654e-01 7.25994189e-02 -8.84076046e-01 7.12984731e-01
0.00000000e+00 0.00000000e+00 0.00000000e+00 1.00000000e+00
-6.33910747e-02 9.96777785e-01 4.91489443e-02 -1.54443417e-01
8.84750459e-01 3.33448235e-02 4.64870679e-01 -2.15444524e-01
4.61733903e-01 7.29532030e-02 -8.84013367e-01 7.13045451e-01
0.00000000e+00 0.00000000e+00 0.00000000e+00 1.00000000e+00
-6.33467658e-02 9.96788233e-01 4.89939273e-02 -1.54462595e-01
8.84592933e-01 3.33527275e-02 4.65169795e-01 -2.15421525e-01
4.62041697e-01 7.28066839e-02 -8.83864615e-01 7.12946116e-01
0.00000000e+00 0.00000000e+00 0.00000000e+00 1.00000000e+00
-6.14458701e-02 9.96729237e-01 5.24903098e-02 -1.57137361e-01
9.13456409e-01 3.49612227e-02 4.05431995e-01 -2.23034452e-01
4.02270798e-01 7.28597316e-02 -9.12616932e-01 7.98688530e-01
0.00000000e+00 0.00000000e+00 0.00000000e+00 1.00000000e+00
-5.89878500e-02 9.96641715e-01 5.67954642e-02 -1.60325060e-01
9.42637390e-01 3.68847400e-02 3.31774423e-01 -2.33059559e-01
3.28565344e-01 7.31081880e-02 -9.41647496e-01 8.94061817e-01
0.00000000e+00 0.00000000e+00 0.00000000e+00 1.00000000e+00
-5.26240297e-02 9.95564678e-01 7.79851504e-02 -1.65971892e-01
9.81164594e-01 3.70114119e-02 1.89594818e-01 -2.53539719e-01
1.85867563e-01 8.64935118e-02 -9.78760503e-01 1.05708530e+00
0.00000000e+00 0.00000000e+00 0.00000000e+00 1.00000000e+00
-4.64137182e-02 9.95220120e-01 8.59225251e-02 -1.69776643e-01
9.93300348e-01 3.68685598e-02 1.09522269e-01 -2.70723127e-01
1.05830926e-01 9.04302098e-02 -9.90263698e-01 1.16529403e+00
0.00000000e+00 0.00000000e+00 0.00000000e+00 1.00000000e+00
-4.26657812e-02 9.96490687e-01 7.20134854e-02 -1.71672714e-01
9.96725229e-01 3.74984081e-02 7.16427772e-02 -2.80490109e-01
6.86909692e-02 7.48343528e-02 -9.94827307e-01 1.21594223e+00
0.00000000e+00 0.00000000e+00 0.00000000e+00 1.00000000e+00
-4.09611841e-02 9.97168433e-01 6.30658240e-02 -1.72388857e-01
9.98765968e-01 3.90892267e-02 3.06361449e-02 -2.86874755e-01
2.80842023e-02 6.42428915e-02 -9.97539036e-01 1.24584758e+00
0.00000000e+00 0.00000000e+00 0.00000000e+00 1.00000000e+00
-4.09191957e-02 9.97337728e-01 6.03578911e-02 -1.72460685e-01
9.98788176e-01 3.91758573e-02 2.97897806e-02 -2.86996372e-01
2.73459000e-02 6.15037218e-02 -9.97732175e-01 1.24726500e+00
0.00000000e+00 0.00000000e+00 0.00000000e+00 1.00000000e+00
-4.15386614e-02 9.97525099e-01 5.67293205e-02 -1.72384602e-01
9.98784259e-01 3.99486315e-02 2.88809828e-02 -2.87132179e-01
2.65432465e-02 5.78600297e-02 -9.97971780e-01 1.24827024e+00
0.00000000e+00 0.00000000e+00 0.00000000e+00 1.00000000e+00
1.23841500e-01 7.82999567e-01 6.09569489e-01 -2.57137081e-01
9.92040584e-01 -8.35943302e-02 -9.41672296e-02 -6.61502653e-02
-2.27763468e-02 6.16379483e-01 -7.87119795e-01 3.66975528e-01
0.00000000e+00 0.00000000e+00 0.00000000e+00 1.00000000e+00
1.23888279e-01 7.83103772e-01 6.09426104e-01 -2.57164961e-01
9.92032269e-01 -8.35811654e-02 -9.42664652e-02 -6.61523695e-02
-2.28838804e-02 6.16248871e-01 -7.87218938e-01 3.67035464e-01
0.00000000e+00 0.00000000e+00 0.00000000e+00 1.00000000e+00
5.42448823e-02 8.06108960e-01 5.89275689e-01 -2.04555566e-01
9.97364298e-01 -7.22197375e-02 6.98326548e-03 -1.26382839e-01
4.81866084e-02 5.87343727e-01 -8.07901849e-01 3.95201054e-01
0.00000000e+00 0.00000000e+00 0.00000000e+00 1.00000000e+00
-4.66328942e-02 8.29973751e-01 5.55849751e-01 -1.34341279e-01
9.90346696e-01 -3.43007223e-02 1.34301458e-01 -1.95740105e-01
1.30532733e-01 5.56746830e-01 -8.20362221e-01 4.35750449e-01
0.00000000e+00 0.00000000e+00 0.00000000e+00 1.00000000e+00
-2.60428892e-01 8.40129363e-01 4.75772472e-01 3.64751367e-04
9.34681814e-01 9.58861089e-02 3.42309451e-01 -2.99175700e-01
2.41964250e-01 5.33843149e-01 -8.10225151e-01 5.31512948e-01
0.00000000e+00 0.00000000e+00 0.00000000e+00 1.00000000e+00
-4.42334218e-01 7.98736396e-01 4.07873277e-01 6.19461306e-02
8.77109818e-01 2.90379157e-01 3.82568049e-01 -3.54864862e-01
1.87133126e-01 5.26972594e-01 -8.29024172e-01 7.55601962e-01
0.00000000e+00 0.00000000e+00 0.00000000e+00 1.00000000e+00
-4.16937229e-01 8.27234722e-01 3.76624563e-01 -4.91977296e-02
9.08543207e-01 3.67127517e-01 1.99415718e-01 -3.23977995e-01
2.66943655e-02 4.25323525e-01 -9.04647616e-01 1.02827938e+00
0.00000000e+00 0.00000000e+00 0.00000000e+00 1.00000000e+00
-2.64116870e-01 9.20994301e-01 2.86376981e-01 -1.51547350e-01
9.62885634e-01 2.68908673e-01 2.32245780e-02 -2.49777883e-01
-5.56195501e-02 2.81882284e-01 -9.57835499e-01 1.17687156e+00
0.00000000e+00 0.00000000e+00 0.00000000e+00 1.00000000e+00
-1.52390702e-01 9.69956384e-01 1.89635672e-01 -1.77792871e-01
9.85633700e-01 1.63290870e-01 -4.31543825e-02 -2.07616364e-01
-7.28236426e-02 1.80334982e-01 -9.80905710e-01 1.23424730e+00
0.00000000e+00 0.00000000e+00 0.00000000e+00 1.00000000e+00
-6.20232394e-02 9.93886321e-01 9.13405619e-02 -1.79108506e-01
9.95508227e-01 6.81629294e-02 -6.57052891e-02 -1.81901525e-01
-7.15296283e-02 8.68550260e-02 -9.93649695e-01 1.26916111e+00
0.00000000e+00 0.00000000e+00 0.00000000e+00 1.00000000e+00
-6.04658658e-02 9.94140249e-01 8.96049316e-02 -1.79100039e-01
9.95591435e-01 6.65148317e-02 -6.61322216e-02 -1.81586737e-01
-7.17047602e-02 8.52111605e-02 -9.93779395e-01 1.26894878e+00
0.00000000e+00 0.00000000e+00 0.00000000e+00 1.00000000e+00
-6.05699025e-02 9.94091810e-01 9.00708625e-02 -1.79029784e-01
9.95612193e-01 6.66167956e-02 -6.57157853e-02 -1.81533637e-01
-7.13277562e-02 8.56952502e-02 -9.93764899e-01 1.26838327e+00
0.00000000e+00 0.00000000e+00 0.00000000e+00 1.00000000e+00
-6.08648828e-02 9.94277484e-01 8.77937918e-02 -1.78904325e-01
9.95683241e-01 6.66543219e-02 -6.45916711e-02 -1.81410590e-01
-7.00738799e-02 8.34834427e-02 -9.94042336e-01 1.26964112e+00
0.00000000e+00 0.00000000e+00 0.00000000e+00 1.00000000e+00
-6.07764045e-02 9.94176324e-01 8.89925002e-02 -1.78920567e-01
9.95800718e-01 6.65070709e-02 -6.29105603e-02 -1.81428703e-01
-6.84628201e-02 8.47953180e-02 -9.94043559e-01 1.26944598e+00
0.00000000e+00 0.00000000e+00 0.00000000e+00 1.00000000e+00
-9.03690597e-03 9.99943429e-01 5.61009826e-03 -1.57371279e-01
9.98756919e-01 9.30092781e-03 -4.89704935e-02 -1.60864034e-01
-4.90199023e-02 5.16058271e-03 -9.98784470e-01 1.27411839e+00
0.00000000e+00 0.00000000e+00 0.00000000e+00 1.00000000e+00
6.08761004e-02 9.88882264e-01 -1.35668595e-01 -1.25088972e-01
9.97501364e-01 -6.51538780e-02 -2.73130366e-02 -1.39587469e-01
-3.58487125e-02 -1.33666897e-01 -9.90377721e-01 1.27306725e+00
0.00000000e+00 0.00000000e+00 0.00000000e+00 1.00000000e+00
1.90216741e-01 9.28375063e-01 -3.19276267e-01 -6.81946750e-02
9.81738024e-01 -1.78936407e-01 6.45926782e-02 -1.25983463e-01
2.83608358e-03 -3.25732260e-01 -9.45457800e-01 1.22600008e+00
0.00000000e+00 0.00000000e+00 0.00000000e+00 1.00000000e+00
3.20445515e-01 8.20808739e-01 -4.72850596e-01 -8.48065490e-03
9.41538137e-01 -2.21171732e-01 2.54143663e-01 -1.48495722e-01
1.04022154e-01 -5.26646067e-01 -8.43696220e-01 1.08048388e+00
0.00000000e+00 0.00000000e+00 0.00000000e+00 1.00000000e+00
3.62990411e-01 7.45163688e-01 -5.59436359e-01 4.39727086e-02
9.08942711e-01 -1.51022792e-01 3.88606826e-01 -1.70446311e-01
2.05088055e-01 -6.49556152e-01 -7.32130928e-01 9.11792525e-01
0.00000000e+00 0.00000000e+00 0.00000000e+00 1.00000000e+00
3.59680618e-01 7.19122015e-01 -5.94553094e-01 7.33565417e-02
9.01357205e-01 -1.03056764e-01 4.20635820e-01 -1.73850203e-01
2.41215760e-01 -6.87199266e-01 -6.85253330e-01 8.43004236e-01
0.00000000e+00 0.00000000e+00 0.00000000e+00 1.00000000e+00
3.45903828e-01 6.95641964e-01 -6.29629097e-01 1.06085193e-01
8.99222012e-01 -5.42073541e-02 4.34121338e-01 -1.72845768e-01
2.67862493e-01 -7.16340576e-01 -6.44287098e-01 7.84450027e-01
0.00000000e+00 0.00000000e+00 0.00000000e+00 1.00000000e+00
3.45634143e-01 6.95969180e-01 -6.29415554e-01 1.06063174e-01
8.99344050e-01 -5.42621147e-02 4.33861618e-01 -1.72851239e-01
2.67800895e-01 -7.16018522e-01 -6.44670580e-01 7.84506888e-01
0.00000000e+00 0.00000000e+00 0.00000000e+00 1.00000000e+00
3.45568850e-01 6.95956569e-01 -6.29465348e-01 1.06128326e-01
8.99388018e-01 -5.42506636e-02 4.33771896e-01 -1.72899261e-01
2.67737488e-01 -7.16031647e-01 -6.44682339e-01 7.84594099e-01
0.00000000e+00 0.00000000e+00 0.00000000e+00 1.00000000e+00
3.45708637e-01 6.96098248e-01 -6.29231887e-01 1.06017771e-01
8.99244568e-01 -5.42225475e-02 4.34072716e-01 -1.72882046e-01
2.68038701e-01 -7.15896043e-01 -6.44707771e-01 7.84521604e-01
0.00000000e+00 0.00000000e+00 0.00000000e+00 1.00000000e+00
3.45672703e-01 6.96001787e-01 -6.29358320e-01 1.06040300e-01
8.99272454e-01 -5.41642974e-02 4.34022215e-01 -1.72895204e-01
2.67991486e-01 -7.15994233e-01 -6.44618354e-01 7.84554957e-01
0.00000000e+00 0.00000000e+00 0.00000000e+00 1.00000000e+00
3.45658986e-01 6.96065407e-01 -6.29295491e-01 1.06051267e-01
8.99258952e-01 -5.41468376e-02 4.34052366e-01 -1.72909118e-01
2.68054476e-01 -7.15933705e-01 -6.44659389e-01 7.84579443e-01
0.00000000e+00 0.00000000e+00 0.00000000e+00 1.00000000e+00
3.31093893e-01 7.17178948e-01 -6.13213822e-01 9.83931185e-02
8.95466454e-01 -3.39068355e-02 4.43835731e-01 -1.83385518e-01
2.97517503e-01 -6.96063707e-01 -6.53436035e-01 7.75461697e-01
0.00000000e+00 0.00000000e+00 0.00000000e+00 1.00000000e+00
1.97993403e-01 8.37963966e-01 -5.08542038e-01 4.76866328e-02
8.54656286e-01 1.06455692e-01 5.08163182e-01 -2.55030391e-01
4.79959630e-01 -5.35241607e-01 -6.95093646e-01 7.00038147e-01
0.00000000e+00 0.00000000e+00 0.00000000e+00 1.00000000e+00
-3.69516946e-03 9.31230617e-01 -3.64411696e-01 1.02378211e-02
7.73795606e-01 2.33493189e-01 5.88830443e-01 -3.13952763e-01
6.33424586e-01 -2.79804341e-01 -7.21444956e-01 6.11815036e-01
0.00000000e+00 0.00000000e+00 0.00000000e+00 1.00000000e+00
-4.91596185e-01 8.70277341e-01 -3.08308327e-02 -9.90419669e-03
5.83767560e-01 3.55612335e-01 7.29900886e-01 -3.66928000e-01
6.46180027e-01 3.40818451e-01 -6.82857347e-01 4.77073955e-01
0.00000000e+00 0.00000000e+00 0.00000000e+00 1.00000000e+00
-7.98974049e-01 -8.91730644e-02 5.94717272e-01 -1.71731922e-01
4.90182706e-01 4.76322226e-01 7.29957568e-01 -3.51132604e-01
-3.48369608e-01 8.74737276e-01 -3.36858003e-01 6.13376829e-01
0.00000000e+00 0.00000000e+00 0.00000000e+00 1.00000000e+00
-6.31799244e-01 -2.74632616e-01 7.24849392e-01 -2.92559643e-01
4.78789005e-01 5.97140121e-01 6.43571879e-01 -3.02882063e-01
-6.09582483e-01 7.53658146e-01 -2.45781600e-01 6.84747600e-01
0.00000000e+00 0.00000000e+00 0.00000000e+00 1.00000000e+00
-4.99883652e-01 -3.35132835e-01 7.98625267e-01 -3.80651104e-01
4.42531140e-01 6.93814553e-01 5.68143958e-01 -2.51366031e-01
-7.44501528e-01 6.37422426e-01 -1.98519837e-01 7.27133470e-01
0.00000000e+00 0.00000000e+00 0.00000000e+00 1.00000000e+00
-4.30847640e-01 -3.51546087e-01 8.31135163e-01 -4.21162900e-01
4.24722529e-01 7.33627552e-01 5.30472797e-01 -2.24282322e-01
-7.96229291e-01 5.81554781e-01 -1.66772157e-01 7.46845118e-01
0.00000000e+00 0.00000000e+00 0.00000000e+00 1.00000000e+00
-4.35344144e-01 -3.53163465e-01 8.28100865e-01 -4.19942649e-01
4.24303722e-01 7.30780196e-01 5.34721101e-01 -2.23768305e-01
-7.94003670e-01 5.84153980e-01 -1.68292307e-01 7.45263335e-01
0.00000000e+00 0.00000000e+00 0.00000000e+00 1.00000000e+00
-4.30639819e-01 -3.54233459e-01 8.30101200e-01 -4.19119591e-01
4.27648847e-01 7.29859208e-01 5.33312292e-01 -2.23632112e-01
-7.94774062e-01 5.84657330e-01 -1.62818907e-01 7.44013506e-01
0.00000000e+00 0.00000000e+00 0.00000000e+00 1.00000000e+00
-4.74306959e-01 -3.64600319e-01 8.01311123e-01 -4.08628968e-01
4.06285832e-01 7.16828774e-01 5.66646567e-01 -2.19116572e-01
-7.81002389e-01 5.94325767e-01 -1.91864932e-01 7.31762154e-01
0.00000000e+00 0.00000000e+00 0.00000000e+00 1.00000000e+00
-4.49956318e-01 -3.59634735e-01 8.17436340e-01 -4.08535067e-01
4.06009173e-01 7.32887164e-01 5.45923948e-01 -2.21235516e-01
-7.95421815e-01 5.77528581e-01 -1.83752208e-01 7.47986660e-01
0.00000000e+00 0.00000000e+00 0.00000000e+00 1.00000000e+00
-5.36311376e-01 -4.57620474e-01 7.09192223e-01 -3.03240003e-01
2.59861252e-01 7.09910540e-01 6.54598469e-01 -1.89687580e-01
-8.03020696e-01 5.35360184e-01 -2.61815269e-01 7.56208186e-01
0.00000000e+00 0.00000000e+00 0.00000000e+00 1.00000000e+00
-4.56588208e-01 8.75090713e-01 -1.60447664e-01 9.84334474e-02
7.74523051e-01 4.79711042e-01 4.12300084e-01 -1.99818281e-01
4.37768491e-01 6.39809423e-02 -8.96808334e-01 1.79995601e-01
0.00000000e+00 0.00000000e+00 0.00000000e+00 1.00000000e+00
-2.07094740e-01 9.77492263e-01 -4.02572267e-02 -5.83751402e-02
9.59510182e-01 2.10971266e-01 1.86631549e-01 -1.28720023e-01
1.90924014e-01 2.31933261e-05 -9.81604819e-01 2.93865188e-01
0.00000000e+00 0.00000000e+00 0.00000000e+00 1.00000000e+00
-6.61307164e-02 9.97196027e-01 3.50258887e-02 -1.38484314e-01
9.97810968e-01 6.60898117e-02 2.32561026e-03 -4.47886459e-02
4.23492407e-06 3.51030102e-02 -9.99383699e-01 3.41218873e-01
0.00000000e+00 0.00000000e+00 0.00000000e+00 1.00000000e+00
-5.40306862e-02 9.97670054e-01 4.16551082e-02 -1.44210816e-01
9.98440566e-01 5.45648646e-02 -1.17945334e-02 -3.68812200e-02
-1.40399582e-02 4.09528831e-02 -9.99062431e-01 3.44032300e-01
0.00000000e+00 0.00000000e+00 0.00000000e+00 1.00000000e+00
-5.41477507e-02 9.97670107e-01 4.15015601e-02 -1.44187010e-01
9.98440532e-01 5.46613701e-02 -1.13418865e-02 -3.68821799e-02
-1.35839932e-02 4.08227021e-02 -9.99074062e-01 3.44020531e-01
0.00000000e+00 0.00000000e+00 0.00000000e+00 1.00000000e+00
-5.41420958e-02 9.97673950e-01 4.14164511e-02 -1.44192474e-01
9.98443929e-01 5.46454041e-02 -1.11175453e-02 -3.68798144e-02
-1.33549041e-02 4.07500770e-02 -9.99080116e-01 3.44026988e-01
0.00000000e+00 0.00000000e+00 0.00000000e+00 1.00000000e+00
-5.41365724e-02 9.97723465e-01 4.02134066e-02 -1.44678295e-01
9.98497443e-01 5.44331300e-02 -6.31585288e-03 -8.27941051e-02
-8.49041621e-03 3.98110651e-02 -9.99171152e-01 3.57862259e-01
0.00000000e+00 0.00000000e+00 0.00000000e+00 1.00000000e+00
-5.42952667e-02 9.97788343e-01 3.83464053e-02 -1.45607636e-01
9.98519818e-01 5.43777460e-02 -1.11043483e-03 -1.34998758e-01
-3.19317001e-03 3.82293543e-02 -9.99263889e-01 3.82029710e-01
0.00000000e+00 0.00000000e+00 0.00000000e+00 1.00000000e+00
-5.42433203e-02 9.97844860e-01 3.69228551e-02 -1.48970996e-01
9.98505193e-01 5.39564669e-02 8.72234368e-03 -2.33189950e-01
6.71131901e-03 3.73407914e-02 -9.99280053e-01 4.67996323e-01
0.00000000e+00 0.00000000e+00 0.00000000e+00 1.00000000e+00
-5.30045538e-02 9.97649956e-01 4.34175265e-02 -1.54974021e-01
9.98589504e-01 5.30885150e-02 -7.82253699e-04 -2.94563519e-01
-3.08538737e-03 4.33148233e-02 -9.99056708e-01 6.12271042e-01
0.00000000e+00 0.00000000e+00 0.00000000e+00 1.00000000e+00
-5.19172766e-02 9.97656921e-01 4.45563072e-02 -1.58631570e-01
9.98409953e-01 5.28340577e-02 -1.96501390e-02 -2.96468577e-01
-2.19581877e-02 4.34652789e-02 -9.98813600e-01 6.98465516e-01
0.00000000e+00 0.00000000e+00 0.00000000e+00 1.00000000e+00
-5.12409630e-02 9.97695842e-01 4.44676280e-02 -1.61371400e-01
9.97999791e-01 5.28056594e-02 -3.47559913e-02 -2.83661636e-01
-3.70240504e-02 4.25977530e-02 -9.98406055e-01 7.62288267e-01
0.00000000e+00 0.00000000e+00 0.00000000e+00 1.00000000e+00
-5.09452131e-02 9.97709259e-01 4.45064078e-02 -1.61813638e-01
9.97714867e-01 5.28246794e-02 -4.21259603e-02 -2.80614213e-01
-4.43804973e-02 4.22585887e-02 -9.98120525e-01 7.72430671e-01
0.00000000e+00 0.00000000e+00 0.00000000e+00 1.00000000e+00
-5.09040895e-02 9.97700990e-01 4.47382193e-02 -1.61832298e-01
9.97714705e-01 5.27955805e-02 -4.21662790e-02 -2.80681141e-01
-4.44313186e-02 4.24895432e-02 -9.98108459e-01 7.72185757e-01
0.00000000e+00 0.00000000e+00 0.00000000e+00 1.00000000e+00
-5.09865991e-02 9.97686295e-01 4.49713608e-02 -1.61814417e-01
9.97715982e-01 5.28825062e-02 -4.20269012e-02 -2.80712703e-01
-4.43078616e-02 4.27258366e-02 -9.98103860e-01 7.72188714e-01
0.00000000e+00 0.00000000e+00 0.00000000e+00 1.00000000e+00
-5.03568978e-02 9.97717944e-01 4.49787296e-02 -1.63601550e-01
9.96749041e-01 5.30419991e-02 -6.06456593e-02 -2.79528756e-01
-6.28930242e-02 4.17785784e-02 -9.97145435e-01 8.16157587e-01
0.00000000e+00 0.00000000e+00 0.00000000e+00 1.00000000e+00
-4.92495379e-02 9.97761191e-01 4.52447541e-02 -1.65854547e-01
9.94727748e-01 5.30787593e-02 -8.77459569e-02 -2.70889696e-01
-8.99510459e-02 4.06847646e-02 -9.95114847e-01 8.69010932e-01
0.00000000e+00 0.00000000e+00 0.00000000e+00 1.00000000e+00
-4.77913029e-02 9.97864818e-01 4.45173715e-02 -1.69839928e-01
9.89591603e-01 5.33574006e-02 -1.33646722e-01 -2.31866006e-01
-1.35736693e-01 3.76668660e-02 -9.90028665e-01 9.65339517e-01
0.00000000e+00 0.00000000e+00 0.00000000e+00 1.00000000e+00
-4.52813182e-02 9.97997579e-01 4.41637188e-02 -1.74397464e-01
9.78368914e-01 5.32367754e-02 -1.99900260e-01 -1.33981145e-01
-2.01851110e-01 3.41566623e-02 -9.78820439e-01 1.06797002e+00
0.00000000e+00 0.00000000e+00 0.00000000e+00 1.00000000e+00
-4.36390238e-02 9.97998725e-01 4.57622118e-02 -1.76184190e-01
9.69314809e-01 5.33876817e-02 -2.39955320e-01 -4.97314467e-02
-2.41918242e-01 3.38865737e-02 -9.69704730e-01 1.10486938e+00
0.00000000e+00 0.00000000e+00 0.00000000e+00 1.00000000e+00
-4.36790611e-02 9.97999081e-01 4.57162303e-02 -1.76475107e-01
9.64933943e-01 5.39989758e-02 -2.56878565e-01 -5.81752503e-03
-2.58833202e-01 3.28929278e-02 -9.65361813e-01 1.11055646e+00
0.00000000e+00 0.00000000e+00 0.00000000e+00 1.00000000e+00
-4.31226209e-02 9.98036990e-01 4.54159275e-02 -1.76627024e-01
9.58238265e-01 5.41805113e-02 -2.80791558e-01 3.29526429e-02
-2.82701019e-01 3.14108117e-02 -9.58693640e-01 1.11291967e+00
0.00000000e+00 0.00000000e+00 0.00000000e+00 1.00000000e+00
-4.33540202e-02 9.98021024e-01 4.55462806e-02 -1.76525854e-01
9.58719696e-01 5.43841163e-02 -2.79103766e-01 3.29100799e-02
-2.81028421e-01 3.15658460e-02 -9.59180183e-01 1.11239328e+00
0.00000000e+00 0.00000000e+00 0.00000000e+00 1.00000000e+00
-4.26938195e-02 9.97871967e-01 4.92826076e-02 -1.76562956e-01
9.58453192e-01 5.48324004e-02 -2.79930147e-01 3.28588399e-02
-2.82036731e-01 3.52837853e-02 -9.58754576e-01 1.11149476e+00
0.00000000e+00 0.00000000e+00 0.00000000e+00 1.00000000e+00
-4.18078107e-02 9.97757660e-01 5.22662216e-02 -1.75945695e-01
9.58459171e-01 5.48239213e-02 -2.79911334e-01 3.28621587e-02
-2.82149117e-01 3.83925593e-02 -9.58602048e-01 1.11082573e+00
0.00000000e+00 0.00000000e+00 0.00000000e+00 1.00000000e+00
-7.78586598e-02 9.96886484e-01 1.24646055e-02 -1.18036066e-01
9.36502733e-01 7.74188778e-02 -3.42007235e-01 2.22617787e-02
-3.41907386e-01 -1.49550879e-02 -9.39614647e-01 1.12008859e+00
0.00000000e+00 0.00000000e+00 0.00000000e+00 1.00000000e+00
-1.38347054e-01 9.89391635e-01 -4.43202506e-02 -2.39602499e-02
8.85975610e-01 1.03638689e-01 -4.52002479e-01 8.49730727e-03
-4.42614180e-01 -1.01799872e-01 -8.90914964e-01 1.11069096e+00
0.00000000e+00 0.00000000e+00 0.00000000e+00 1.00000000e+00
-2.13877215e-01 9.70307495e-01 -1.12959740e-01 7.39958365e-02
8.17862023e-01 1.14629856e-01 -5.63880933e-01 -1.27421211e-03
-5.34189337e-01 -2.12986765e-01 -8.18094365e-01 1.07374523e+00
0.00000000e+00 0.00000000e+00 0.00000000e+00 1.00000000e+00
-2.45756792e-01 9.58331867e-01 -1.45614673e-01 1.09545582e-01
7.87511213e-01 1.09805106e-01 -6.06439550e-01 -3.37416778e-03
-5.65181111e-01 -2.63709826e-01 -7.81682442e-01 1.05063391e+00
0.00000000e+00 0.00000000e+00 0.00000000e+00 1.00000000e+00
-2.68658010e-01 9.48445411e-01 -1.68149264e-01 1.30596596e-01
7.64790525e-01 1.03907136e-01 -6.35844918e-01 -3.84175908e-03
-5.85592287e-01 -2.99423794e-01 -7.53277548e-01 1.03441041e+00
0.00000000e+00 0.00000000e+00 0.00000000e+00 1.00000000e+00
-2.68214341e-01 9.48967240e-01 -1.65898295e-01 1.30632616e-01
7.65049632e-01 1.05164576e-01 -6.35326273e-01 -4.03244377e-03
-5.85457196e-01 -2.97324047e-01 -7.54213685e-01 1.03444085e+00
0.00000000e+00 0.00000000e+00 0.00000000e+00 1.00000000e+00
-2.68903604e-01 9.48560741e-01 -1.67102879e-01 1.30676225e-01
7.64519868e-01 1.04682271e-01 -6.36043233e-01 -3.96058217e-03
-5.85832931e-01 -2.98787789e-01 -7.53342972e-01 1.03443502e+00
0.00000000e+00 0.00000000e+00 0.00000000e+00 1.00000000e+00
-2.68404456e-01 9.48904548e-01 -1.65949413e-01 1.30692911e-01
7.64573497e-01 1.05052464e-01 -6.35917720e-01 -3.94614678e-03
-5.85991822e-01 -2.97563673e-01 -7.53703818e-01 1.03458214e+00
0.00000000e+00 0.00000000e+00 0.00000000e+00 1.00000000e+00
-2.72262088e-01 9.47028651e-01 -1.70323488e-01 1.38447337e-01
7.68978188e-01 1.07745109e-01 -6.30129779e-01 -4.18727614e-03
-5.78399431e-01 -3.02535496e-01 -7.57579284e-01 1.02461644e+00
0.00000000e+00 0.00000000e+00 0.00000000e+00 1.00000000e+00
-2.99086504e-01 9.29854960e-01 -2.14282561e-01 1.76733855e-01
7.94695861e-01 1.18417089e-01 -5.95345179e-01 -4.47155318e-03
-5.28209951e-01 -3.48349172e-01 -7.74368841e-01 9.74187356e-01
0.00000000e+00 0.00000000e+00 0.00000000e+00 1.00000000e+00
-3.19134882e-01 9.07691750e-01 -2.72485989e-01 2.10776502e-01
8.32642041e-01 1.31230778e-01 -5.38038767e-01 -4.75050432e-03
-4.52614802e-01 -3.98590229e-01 -7.97662630e-01 9.02031136e-01
0.00000000e+00 0.00000000e+00 0.00000000e+00 1.00000000e+00
-3.40358273e-01 8.51854908e-01 -3.98119910e-01 2.25908540e-01
8.83986774e-01 1.45562440e-01 -4.44273518e-01 -2.52037702e-03
-3.20505271e-01 -5.03144902e-01 -8.02571853e-01 7.66225440e-01
0.00000000e+00 0.00000000e+00 0.00000000e+00 1.00000000e+00
-3.44042568e-01 8.00664513e-01 -4.90480426e-01 2.00851877e-01
9.07302889e-01 1.48997561e-01 -3.93193584e-01 9.95543181e-04
-2.41735763e-01 -5.80289638e-01 -7.77706730e-01 6.67800118e-01
0.00000000e+00 0.00000000e+00 0.00000000e+00 1.00000000e+00
-3.39517467e-01 7.72746477e-01 -5.36274904e-01 1.72143814e-01
9.18802925e-01 1.50437231e-01 -3.64924408e-01 3.40572493e-03
-2.01318339e-01 -6.16629161e-01 -7.61077791e-01 6.13953774e-01
0.00000000e+00 0.00000000e+00 0.00000000e+00 1.00000000e+00
-3.33316197e-01 7.59534033e-01 -5.58577091e-01 1.52030954e-01
9.26121796e-01 1.52772180e-01 -3.44904451e-01 4.72743690e-03
-1.76631629e-01 -6.32272658e-01 -7.54342464e-01 5.86652966e-01
0.00000000e+00 0.00000000e+00 0.00000000e+00 1.00000000e+00
-3.33616769e-01 7.59488255e-01 -5.58459884e-01 1.52133210e-01
9.25949388e-01 1.52791559e-01 -3.45358466e-01 4.78622042e-03
-1.76967742e-01 -6.32322964e-01 -7.54221511e-01 5.86763187e-01
0.00000000e+00 0.00000000e+00 0.00000000e+00 1.00000000e+00
-3.33484571e-01 7.59999654e-01 -5.57842780e-01 1.52054930e-01
9.26007584e-01 1.53023678e-01 -3.45099563e-01 4.72766437e-03
-1.76912394e-01 -6.31652025e-01 -7.54796479e-01 5.86691494e-01
0.00000000e+00 0.00000000e+00 0.00000000e+00 1.00000000e+00
-3.33629714e-01 7.59568875e-01 -5.58342492e-01 1.52123953e-01
9.25942538e-01 1.52845551e-01 -3.45352941e-01 4.77736576e-03
-1.76979179e-01 -6.32213067e-01 -7.54310949e-01 5.86723951e-01
0.00000000e+00 0.00000000e+00 0.00000000e+00 1.00000000e+00
-3.35788728e-01 7.62129818e-01 -5.53537777e-01 1.52220356e-01
9.23321119e-01 1.50063220e-01 -3.53495603e-01 4.45241170e-03
-1.86343878e-01 -6.29792958e-01 -7.54080094e-01 5.88781313e-01
0.00000000e+00 0.00000000e+00 0.00000000e+00 1.00000000e+00
-1.29189869e-01 8.75034722e-01 -4.66502105e-01 9.83200987e-02
9.50680478e-01 -2.44858840e-02 -3.09203931e-01 -1.65436879e-02
-2.81986892e-01 -4.83440459e-01 -8.28715099e-01 6.35915613e-01
0.00000000e+00 0.00000000e+00 0.00000000e+00 1.00000000e+00
1.36044109e-01 9.22255493e-01 -3.61851913e-01 2.28986244e-02
9.27213678e-01 -2.47178478e-01 -2.81385138e-01 -2.20939913e-02
-3.48950994e-01 -2.97233252e-01 -8.88755083e-01 6.72809312e-01
0.00000000e+00 0.00000000e+00 0.00000000e+00 1.00000000e+00
6.83122919e-01 7.30135647e-01 -1.56529564e-02 -1.37247958e-01
7.01118478e-01 -6.61671428e-01 -2.65751390e-01 3.17334539e-02
-2.04391677e-01 1.70566288e-01 -9.63914511e-01 6.52731062e-01
0.00000000e+00 0.00000000e+00 0.00000000e+00 1.00000000e+00
9.27228797e-01 2.68721775e-01 2.60835898e-01 -2.05433628e-01
3.36127108e-01 -9.04273473e-01 -2.63264226e-01 1.42753650e-01
1.65122153e-01 3.31780187e-01 -9.28793078e-01 5.51385016e-01
0.00000000e+00 0.00000000e+00 0.00000000e+00 1.00000000e+00
9.30433711e-01 5.39889519e-02 3.62461449e-01 -2.01953739e-01
1.59688800e-01 -9.49973905e-01 -2.68419572e-01 1.99062243e-01
3.29837227e-01 3.07627652e-01 -8.92509177e-01 5.02043748e-01
0.00000000e+00 0.00000000e+00 0.00000000e+00 1.00000000e+00
8.95109171e-01 -1.10856900e-01 4.31845250e-01 -1.86350737e-01
1.03214055e-02 -9.63183169e-01 -2.68647820e-01 2.47309499e-01
4.45727541e-01 2.44926378e-01 -8.61009889e-01 4.68340534e-01
0.00000000e+00 0.00000000e+00 0.00000000e+00 1.00000000e+00
8.95255505e-01 -1.10311914e-01 4.31681436e-01 -1.86446497e-01
1.04811589e-02 -9.63384165e-01 -2.67919944e-01 2.47322744e-01
4.45429822e-01 2.44381327e-01 -8.61318780e-01 4.68523195e-01
0.00000000e+00 0.00000000e+00 0.00000000e+00 1.00000000e+00
8.95450834e-01 -1.10234390e-01 4.31295934e-01 -1.86501332e-01
1.05662458e-02 -9.63318952e-01 -2.68150987e-01 2.47390529e-01
4.45035008e-01 2.44673204e-01 -8.61439995e-01 4.68537897e-01
0.00000000e+00 0.00000000e+00 0.00000000e+00 1.00000000e+00
8.95393557e-01 -1.10228023e-01 4.31416459e-01 -1.86501356e-01
1.06205105e-02 -9.63312653e-01 -2.68171470e-01 2.47388213e-01
4.45148945e-01 2.44700869e-01 -8.61373265e-01 4.68549540e-01
0.00000000e+00 0.00000000e+00 0.00000000e+00 1.00000000e+00
8.45543480e-01 -6.36126336e-02 5.30103439e-01 -1.79423895e-01
1.39436098e-03 -9.92610302e-01 -1.21337731e-01 2.72190379e-01
5.33904747e-01 1.03335483e-01 -8.39206470e-01 4.66895394e-01
0.00000000e+00 0.00000000e+00 0.00000000e+00 1.00000000e+00
7.65704161e-01 2.54627732e-02 6.42688715e-01 -1.71543012e-01
-1.91594029e-02 -9.97869718e-01 6.23613951e-02 3.00848496e-01
6.42907501e-01 -6.00639118e-02 -7.63585144e-01 4.65589840e-01
0.00000000e+00 0.00000000e+00 0.00000000e+00 1.00000000e+00
-8.90685538e-01 -1.34598079e-01 -4.34237988e-01 3.46311674e-01
-5.44013479e-02 9.79859329e-01 -1.92135861e-01 -1.06104201e-01
4.51353261e-01 -1.47509501e-01 -8.80068850e-01 4.54097702e-01
0.00000000e+00 0.00000000e+00 0.00000000e+00 1.00000000e+00
-8.91141366e-01 -1.30861618e-01 -4.34444822e-01 3.44621783e-01
-5.42743968e-02 9.81374716e-01 -1.84276850e-01 -1.05498274e-01
4.50467930e-01 -1.40637493e-01 -8.81646040e-01 4.50949954e-01
0.00000000e+00 0.00000000e+00 0.00000000e+00 1.00000000e+00
-9.15557997e-01 -3.76682391e-02 -4.00418103e-01 3.18203108e-01
-3.91926847e-02 9.99222051e-01 -4.38481474e-03 -9.23455888e-02
4.00271767e-01 1.16789083e-02 -9.16322059e-01 4.06180167e-01
0.00000000e+00 0.00000000e+00 0.00000000e+00 1.00000000e+00
-9.38218808e-01 1.15337267e-01 -3.26255702e-01 2.75607680e-01
5.17111949e-02 9.78963367e-01 1.97374462e-01 -7.75796822e-02
3.42157012e-01 1.68309360e-01 -9.24446071e-01 3.57465056e-01
0.00000000e+00 0.00000000e+00 0.00000000e+00 1.00000000e+00
-8.68031200e-01 4.89081769e-01 -8.55620185e-02 1.66057517e-01
4.13006190e-01 8.06892521e-01 4.22315459e-01 -6.42281238e-02
2.75586145e-01 3.31245351e-01 -9.02401681e-01 2.96896400e-01
0.00000000e+00 0.00000000e+00 0.00000000e+00 1.00000000e+00
-5.28218448e-01 8.41599895e-01 1.12671595e-01 1.58154707e-02
8.19069229e-01 4.70042915e-01 3.28915272e-01 -6.06212453e-02
2.23854573e-01 2.66024950e-01 -9.37613916e-01 2.85281995e-01
0.00000000e+00 0.00000000e+00 0.00000000e+00 1.00000000e+00
-2.62292826e-01 9.58460857e-01 1.12050255e-01 -7.46926831e-02
9.56578964e-01 2.42952308e-01 1.61030626e-01 -5.23173088e-02
1.27118684e-01 1.49422095e-01 -9.80568140e-01 3.07134188e-01
0.00000000e+00 0.00000000e+00 0.00000000e+00 1.00000000e+00
-7.84302643e-02 9.95445186e-01 5.41994100e-02 -1.36031153e-01
9.96667303e-01 7.70713827e-02 2.67261783e-02 -4.08013401e-02
2.24272220e-02 5.61149210e-02 -9.98172398e-01 3.32007328e-01
0.00000000e+00 0.00000000e+00 0.00000000e+00 1.00000000e+00
-5.57678454e-02 9.97510230e-01 4.31658230e-02 -1.43671519e-01
9.98421999e-01 5.54290376e-02 9.00739531e-03 -3.86991393e-02
6.59232894e-03 4.36000303e-02 -9.99027316e-01 3.36070578e-01
0.00000000e+00 0.00000000e+00 0.00000000e+00 1.00000000e+00
-5.58883487e-02 9.97526840e-01 4.26227155e-02 -1.43699168e-01
9.98411688e-01 5.55318595e-02 9.50338903e-03 -3.86591976e-02
7.11296698e-03 4.30861461e-02 -9.99046040e-01 3.36121678e-01
0.00000000e+00 0.00000000e+00 0.00000000e+00 1.00000000e+00
-5.59577550e-02 9.97533504e-01 4.23749639e-02 -1.43702172e-01
9.98405870e-01 5.55921452e-02 9.75867880e-03 -3.86337747e-02
7.37889391e-03 4.28534864e-02 -9.99054118e-01 3.36139807e-01
0.00000000e+00 0.00000000e+00 0.00000000e+00 1.00000000e+00
-5.65281969e-02 9.97535063e-01 4.15735547e-02 -1.43715394e-01
9.98366857e-01 5.61328554e-02 1.06170096e-02 -3.85253045e-02
8.25719705e-03 4.21058196e-02 -9.99079035e-01 3.36237075e-01
0.00000000e+00 0.00000000e+00 0.00000000e+00 1.00000000e+00
-5.66416540e-02 9.97590108e-01 4.00711851e-02 -1.43941553e-01
9.98333804e-01 5.61497495e-02 1.32974159e-02 -4.12647737e-02
1.10153836e-02 4.07576063e-02 -9.99108342e-01 3.40844060e-01
0.00000000e+00 0.00000000e+00 0.00000000e+00 1.00000000e+00
-5.32312892e-02 9.97674944e-01 4.25574335e-02 -1.46413233e-01
9.96347468e-01 5.59135158e-02 -6.45399242e-02 -6.83671812e-02
-6.67694010e-02 3.89664477e-02 -9.97007253e-01 4.04253745e-01
0.00000000e+00 0.00000000e+00 0.00000000e+00 1.00000000e+00
-5.05226252e-02 9.97806435e-01 4.27759616e-02 -1.49051044e-01
9.89286468e-01 5.58731928e-02 -1.34872055e-01 -8.66582329e-02
-1.36966234e-01 3.55035897e-02 -9.89939264e-01 4.69422625e-01
0.00000000e+00 0.00000000e+00 0.00000000e+00 1.00000000e+00
-4.96239818e-02 9.97828726e-01 4.33046752e-02 -1.49701100e-01
9.86746097e-01 5.56875653e-02 -1.52417307e-01 -8.96078130e-02
-1.54497899e-01 3.51671656e-02 -9.87367039e-01 4.85375173e-01
0.00000000e+00 0.00000000e+00 0.00000000e+00 1.00000000e+00
-4.96814266e-02 9.97821760e-01 4.33992176e-02 -1.49705885e-01
9.86754486e-01 5.57561665e-02 -1.52337897e-01 -8.96677825e-02
-1.54425842e-01 3.52560086e-02 -9.87375143e-01 4.85335221e-01
0.00000000e+00 0.00000000e+00 0.00000000e+00 1.00000000e+00
-4.96550047e-02 9.97821956e-01 4.34249395e-02 -1.49706358e-01
9.86767461e-01 5.57313363e-02 -1.52262918e-01 -8.96495528e-02
-1.54351412e-01 3.52897014e-02 -9.87385577e-01 4.85327110e-01
0.00000000e+00 0.00000000e+00 0.00000000e+00 1.00000000e+00
