t_error: 0.963832
X:
-0.0623683 -0.0135447  -0.997961  -0.275976
 0.0433159   0.998929 -0.0162649 -0.0769366
  0.997113  -0.044242 -0.0617148 -0.0362924
         0          0          0          1
t_error: 0.965103
X:
 -0.0532862 -0.00745865   -0.998551   -0.276941
  0.0384405    0.999216 -0.00951492  -0.0766578
   0.997839  -0.0388918  -0.0529576  -0.0382211
          0           0           0           1
t_error: 0.965103
X:
 -0.0532862 -0.00745865   -0.998551   -0.276941
  0.0384405    0.999216 -0.00951492  -0.0766578
   0.997839  -0.0388918  -0.0529576  -0.0382211
          0           0           0           1
