1Probability Method 1
X_cal1: 
2.28061e-320 6.95335e-310 1.09781e-320 6.95336e-310
6.95335e-310 6.95335e-310 6.95335e-310 6.95336e-310
6.95335e-310 6.95335e-310 6.95335e-310 6.95335e-310
2.36872e-315 6.95335e-310 6.95336e-310 6.95336e-310
Y_cal1: 
6.95335e-310 3.70113e-317 6.95335e-310 5.92879e-323
6.95335e-310 6.95336e-310 6.95336e-310 6.95335e-310
6.95335e-310            0 2.05543e-314 2.05171e-314
2.36872e-315 6.95336e-310 6.95335e-310            0
Z_cal1: 
2.44019e-320 6.95335e-310 2.44217e-320 6.95336e-310
6.95335e-310 6.95335e-310 6.95335e-310 6.95335e-310
6.95335e-310 6.95335e-310 6.95335e-310 6.95335e-310
4.02248e-315 6.95335e-310 6.95336e-310 6.95335e-310
Probability Method 3 - Iterative Refinement
X_cal2: 
1 0 0 0
0 1 0 0
0 0 1 0
0 0 0 1
Y_cal2: 
1 0 0 0
0 1 0 0
0 0 1 0
0 0 0 1
Z_cal2: 
1 0 0 0
0 1 0 0
0 0 1 0
0 0 0 1
Probability Method 1
X_cal1: 
6.91759e-310 6.91759e-310 6.91759e-310 6.91759e-310
2.36872e-315 6.91759e-310 6.95273e-310 6.91759e-310
6.91759e-310 1.09781e-320 6.95273e-310 9.28349e-321
6.91759e-310 6.91759e-310 6.91759e-310 6.91759e-310
Y_cal1: 
6.91759e-310 6.91749e-310 9.30886e-315            0
2.36872e-315 6.95273e-310 6.91759e-310            0
3.70113e-317 6.91759e-310 5.92879e-323 6.91759e-310
6.95273e-310 6.95273e-310 6.95273e-310 2.36872e-315
Z_cal1: 
6.91759e-310 6.95273e-310 6.91759e-310 6.91759e-310
6.95273e-310 6.91759e-310 4.02248e-315 6.91759e-310
6.91759e-310 2.47033e-323 6.91759e-310 2.44217e-320
6.95273e-310 6.91759e-310 6.91759e-310 6.91759e-310
Probability Method 3 - Iterative Refinement
X_cal2: 
1 0 0 0
0 1 0 0
0 0 1 0
0 0 0 1
Y_cal2: 
1 0 0 0
0 1 0 0
0 0 1 0
0 0 0 1
Z_cal2: 
1 0 0 0
0 1 0 0
0 0 1 0
0 0 0 1
Probability Method 1
X_cal1: 
6.93054e-310 6.93054e-310 6.93054e-310 6.93054e-310
2.36872e-315 6.93054e-310 6.95334e-310 6.93054e-310
6.93054e-310 1.09781e-320 6.95334e-310 9.28349e-321
6.93054e-310 6.93054e-310 6.93054e-310 6.93054e-310
Y_cal1: 
6.93054e-310 6.93044e-310 1.03476e-314            0
2.36872e-315 6.95334e-310 6.93054e-310            0
3.70113e-317 6.93054e-310 5.92879e-323 6.93054e-310
6.95334e-310 6.95334e-310 6.95334e-310 2.36872e-315
Z_cal1: 
6.93054e-310 6.95334e-310 6.93054e-310 6.93054e-310
6.95334e-310 6.93054e-310 4.02248e-315 6.93054e-310
6.93054e-310 2.47033e-323 6.93054e-310 2.44217e-320
6.95334e-310 6.93054e-310 6.93054e-310 6.93054e-310
Probability Method 3 - Iterative Refinement
X_cal2: 
1 0 0 0
0 1 0 0
0 0 1 0
0 0 0 1
Y_cal2: 
1 0 0 0
0 1 0 0
0 0 1 0
0 0 0 1
Z_cal2: 
1 0 0 0
0 1 0 0
0 0 1 0
0 0 0 1
Probability Method 1
X_cal1: 
2.28061e-320 6.95335e-310 1.09781e-320 6.95336e-310
6.95335e-310 6.95335e-310 6.95335e-310 6.95336e-310
6.95335e-310 6.95335e-310 6.95335e-310 6.95335e-310
2.36872e-315 6.95335e-310 6.95336e-310 6.95336e-310
Y_cal1: 
6.95335e-310 3.70113e-317 6.95335e-310 5.92879e-323
6.95335e-310 6.95336e-310 6.95336e-310 6.95335e-310
6.95335e-310            0 2.05543e-314 2.05171e-314
2.36872e-315 6.95336e-310 6.95335e-310            0
Z_cal1: 
2.44019e-320 6.95335e-310 2.44217e-320 6.95336e-310
6.95335e-310 6.95335e-310 6.95335e-310 6.95335e-310
6.95335e-310 6.95335e-310 6.95335e-310 6.95335e-310
4.02248e-315 6.95335e-310 6.95336e-310 6.95335e-310
Probability Method 3 - Iterative Refinement
X_cal2: 
1 0 0 0
0 1 0 0
0 0 1 0
0 0 0 1
Y_cal2: 
1 0 0 0
0 1 0 0
0 0 1 0
0 0 0 1
Z_cal2: 
1 0 0 0
0 1 0 0
0 0 1 0
0 0 0 1
Probability Method 1
X_cal1: 
4.67373e-310     0.923298     0.384026     0.976204
           0    -0.322018     0.783467    -0.077586
    0.847037     0.209346    -0.488573     0.700049
           0            0            0            1
Y_cal1: 
    0.114961     -0.62857     0.146382     -1.38521
    0.943025    0.0756582    -0.636914    -0.427328
    0.486767    0.0355715     0.865356      1.74221
 3.63726e-17 -5.02367e-17 -2.65579e-17            1
Z_cal1: 
4.67373e-310    -0.200634     0.978563    -0.607627
           0    -0.927577    -0.205014    -0.180352
    0.948826     0.315193    0.0195631    -0.807401
          -0            0           -0            1
Probability Method 3 - Iterative Refinement
X_cal2: 
1 0 0 0
0 1 0 0
0 0 1 0
0 0 0 1
Y_cal2: 
1 0 0 0
0 1 0 0
0 0 1 0
0 0 0 1
Z_cal2: 
1 0 0 0
0 1 0 0
0 0 1 0
0 0 0 1
Probability Method 1
X_cal1: 
4.63557e-310     0.923298     0.384026     0.976204
           0    -0.322018     0.783467    -0.077586
    0.847037     0.209346    -0.488573     0.700049
           0            0            0            1
Y_cal1: 
    0.114961     -0.62857     0.146382     -1.38521
    0.943025    0.0756582    -0.636914    -0.427328
    0.486767    0.0355715     0.865356      1.74221
 3.63726e-17 -5.02367e-17 -2.65579e-17            1
Z_cal1: 
4.63557e-310    -0.200634     0.978563    -0.607627
           0    -0.927577    -0.205014    -0.180352
    0.948826     0.315193    0.0195631    -0.807401
          -0            0           -0            1
Probability Method 3 - Iterative Refinement
X_cal2: 
1 0 0 0
0 1 0 0
0 0 1 0
0 0 0 1
Y_cal2: 
1 0 0 0
0 1 0 0
0 0 1 0
0 0 0 1
Z_cal2: 
1 0 0 0
0 1 0 0
0 0 1 0
0 0 0 1
Probability Method 1
X_cal1: 
4.68887e-310     0.923298     0.384026     0.976204
           0    -0.322018     0.783467    -0.077586
    0.847037     0.209346    -0.488573     0.700049
           0            0            0            1
Y_cal1: 
    0.114961     -0.62857     0.146382     -1.38521
    0.943025    0.0756582    -0.636914    -0.427328
    0.486767    0.0355715     0.865356      1.74221
 3.63726e-17 -5.02367e-17 -2.65579e-17            1
Z_cal1: 
4.68887e-310    -0.200634     0.978563    -0.607627
           0    -0.927577    -0.205014    -0.180352
    0.948826     0.315193    0.0195631    -0.807401
          -0            0           -0            1
Probability Method 3 - Iterative Refinement
X_cal2: 
1 0 0 0
0 1 0 0
0 0 1 0
0 0 0 1
Y_cal2: 
1 0 0 0
0 1 0 0
0 0 1 0
0 0 0 1
Z_cal2: 
1 0 0 0
0 1 0 0
0 0 1 0
0 0 0 1
Probability Method 1
X_cal1: 
4.63557e-310     0.923298     0.384026     0.976204
           0    -0.322018     0.783467    -0.077586
    0.847037     0.209346    -0.488573     0.700049
           0            0            0            1
Y_cal1: 
    0.114961     -0.62857     0.146382     -1.38521
    0.943025    0.0756582    -0.636914    -0.427328
    0.486767    0.0355715     0.865356      1.74221
 3.63726e-17 -5.02367e-17 -2.65579e-17            1
Z_cal1: 
4.63557e-310    -0.200634     0.978563    -0.607627
           0    -0.927577    -0.205014    -0.180352
    0.948826     0.315193    0.0195631    -0.807401
          -0            0           -0            1
Probability Method 3 - Iterative Refinement
X_cal2: 
1 0 0 0
0 1 0 0
0 0 1 0
0 0 0 1
Y_cal2: 
1 0 0 0
0 1 0 0
0 0 1 0
0 0 0 1
Z_cal2: 
1 0 0 0
0 1 0 0
0 0 1 0
0 0 0 1
Probability Method 1
X_cal1: 
-0.00668679    0.923298    0.384026    0.976204
   0.531492   -0.322018    0.783467   -0.077586
   0.847037    0.209346   -0.488573    0.700049
          0           0           0           1
Y_cal1: 
   0.116816   -0.599988   -0.236879   -0.139189
   0.649551     0.49478   -0.796213   -0.539546
   0.769405   -0.328812    0.535674     0.98755
3.55138e-17 1.11443e-16 -1.9361e-16           1
Z_cal1: 
4.6748e-310   -0.867464   -0.311944    0.118682
          0   -0.388507  -0.0618303    0.205355
 -0.0675569    0.310754   -0.948086    0.507863
         -0          -0           0           1
Probability Method 3 - Iterative Refinement
X_cal2: 
1 0 0 0
0 1 0 0
0 0 1 0
0 0 0 1
Y_cal2: 
1 0 0 0
0 1 0 0
0 0 1 0
0 0 0 1
Z_cal2: 
1 0 0 0
0 1 0 0
0 0 1 0
0 0 0 1
Probability Method 1
X_cal1: 
-0.00668679    0.923298    0.384026    0.976204
   0.531492   -0.322018    0.783467   -0.077586
   0.847037    0.209346   -0.488573    0.700049
          0           0           0           1
Y_cal1: 
   0.116816   -0.599988   -0.236879   -0.139189
   0.649551     0.49478   -0.796213   -0.539546
   0.769405   -0.328812    0.535674     0.98755
3.55138e-17 1.11443e-16 -1.9361e-16           1
Z_cal1: 
4.63557e-310    -0.867464    -0.311944     0.118682
           0    -0.388507   -0.0618303     0.205355
  -0.0675569     0.310754    -0.948086     0.507863
          -0           -0            0            1
Probability Method 3 - Iterative Refinement
X_cal2: 
1 0 0 0
0 1 0 0
0 0 1 0
0 0 0 1
Y_cal2: 
1 0 0 0
0 1 0 0
0 0 1 0
0 0 0 1
Z_cal2: 
1 0 0 0
0 1 0 0
0 0 1 0
0 0 0 1
Probability Method 1
X_cal1: 
4.65589e-310   -0.0243887    0.0239753     0.620142
           0    -0.649806    -0.760096  -0.00018905
    0.034117     0.759709    -0.649368      0.60758
           0            0            0            1
Y_cal1: 
    5.61259     1.92863    -9.66014     0.67295
     15.372     6.50242    -23.6492    0.446103
    7.22436     3.33306    -10.4705     1.61968
3.28942e-16 3.08196e-16 -4.7289e-16           1
Z_cal1: 
  0.752658  -0.635432   0.172433  0.0469388
 -0.636878  -0.769061 -0.0541347   0.176039
   0.16701 -0.0690737  -0.983533   0.612936
         0          0          0          1
Probability Method 3 - Iterative Refinement
X_cal2: 
1 0 0 0
0 1 0 0
0 0 1 0
0 0 0 1
Y_cal2: 
1 0 0 0
0 1 0 0
0 0 1 0
0 0 0 1
Z_cal2: 
1 0 0 0
0 1 0 0
0 0 1 0
0 0 0 1
Probability Method 1
X_cal1: 
4.63557e-310   -0.0243887    0.0239753     0.620142
           0    -0.649806    -0.760096  -0.00018905
    0.034117     0.759709    -0.649368      0.60758
           0            0            0            1
Y_cal1: 
    5.61259     1.92863    -9.66014     0.67295
     15.372     6.50242    -23.6492    0.446103
    7.22436     3.33306    -10.4705     1.61968
3.28942e-16 3.08196e-16 -4.7289e-16           1
Z_cal1: 
  0.752658  -0.635432   0.172433  0.0469388
 -0.636878  -0.769061 -0.0541347   0.176039
   0.16701 -0.0690737  -0.983533   0.612936
         0          0          0          1
Probability Method 3 - Iterative Refinement
X_cal2: 
1 0 0 0
0 1 0 0
0 0 1 0
0 0 0 1
Y_cal2: 
1 0 0 0
0 1 0 0
0 0 1 0
0 0 0 1
Z_cal2: 
1 0 0 0
0 1 0 0
0 0 1 0
0 0 0 1
Probability Method 1
X_cal1: 
4.63557e-310   -0.0243887    0.0239753     0.620142
           0    -0.649806    -0.760096  -0.00018905
    0.034117     0.759709    -0.649368      0.60758
           0            0            0            1
Y_cal1: 
    5.61259     1.92863    -9.66014     0.67295
     15.372     6.50242    -23.6492    0.446103
    7.22436     3.33306    -10.4705     1.61968
3.28942e-16 3.08196e-16 -4.7289e-16           1
Z_cal1: 
  0.752658  -0.635432   0.172433  0.0469388
 -0.636878  -0.769061 -0.0541347   0.176039
   0.16701 -0.0690737  -0.983533   0.612936
         0          0          0          1
Probability Method 3 - Iterative Refinement
X_cal2: 
1 0 0 0
0 1 0 0
0 0 1 0
0 0 0 1
Y_cal2: 
1 0 0 0
0 1 0 0
0 0 1 0
0 0 0 1
Z_cal2: 
1 0 0 0
0 1 0 0
0 0 1 0
0 0 0 1
Probability Method 1
X_cal1: 
4.63748e-310   -0.0243887    0.0239753     0.620142
           0    -0.649806    -0.760096  -0.00018905
    0.034117     0.759709    -0.649368      0.60758
           0            0            0            1
Y_cal1: 
    5.61259     1.92863    -9.66014     0.67295
     15.372     6.50242    -23.6492    0.446103
    7.22436     3.33306    -10.4705     1.61968
3.28942e-16 3.08196e-16 -4.7289e-16           1
Z_cal1: 
  0.752658  -0.635432   0.172433  0.0469388
 -0.636878  -0.769061 -0.0541347   0.176039
   0.16701 -0.0690737  -0.983533   0.612936
         0          0          0          1
Probability Method 3 - Iterative Refinement
X_cal2: 
4.63748e-310   -0.0243887    0.0239753     0.620142
           0    -0.649806    -0.760096  -0.00018905
    0.034117     0.759709    -0.649368      0.60758
           0            0            0            1
Y_cal2: 
    5.61259     1.92863    -9.66014     0.67295
     15.372     6.50242    -23.6492    0.446103
    7.22436     3.33306    -10.4705     1.61968
3.28942e-16 3.08196e-16 -4.7289e-16           1
Z_cal2: 
  0.752658  -0.635432   0.172433  0.0469388
 -0.636878  -0.769061 -0.0541347   0.176039
   0.16701 -0.0690737  -0.983533   0.612936
         0          0          0          1
Probability Method 1
X_cal1: 
4.63557e-310   -0.0243887    0.0239753     0.620142
           0    -0.649806    -0.760096  -0.00018905
    0.034117     0.759709    -0.649368      0.60758
           0            0            0            1
Y_cal1: 
    5.61259     1.92863    -9.66014     0.67295
     15.372     6.50242    -23.6492    0.446103
    7.22436     3.33306    -10.4705     1.61968
3.28942e-16 3.08196e-16 -4.7289e-16           1
Z_cal1: 
  0.752658  -0.635432   0.172433  0.0469388
 -0.636878  -0.769061 -0.0541347   0.176039
   0.16701 -0.0690737  -0.983533   0.612936
         0          0          0          1
Probability Method 3 - Iterative Refinement
X_cal2: 
4.63557e-310   -0.0243887    0.0239753     0.620142
           0    -0.649806    -0.760096  -0.00018905
    0.034117     0.759709    -0.649368      0.60758
           0            0            0            1
Y_cal2: 
    5.61259     1.92863    -9.66014     0.67295
     15.372     6.50242    -23.6492    0.446103
    7.22436     3.33306    -10.4705     1.61968
3.28942e-16 3.08196e-16 -4.7289e-16           1
Z_cal2: 
  0.752658  -0.635432   0.172433  0.0469388
 -0.636878  -0.769061 -0.0541347   0.176039
   0.16701 -0.0690737  -0.983533   0.612936
         0          0          0          1
Probability Method 1
X_cal1: 
4.6846e-310  -0.0243887   0.0239753    0.620142
          0   -0.649806   -0.760096 -0.00018905
   0.034117    0.759709   -0.649368     0.60758
          0           0           0           1
Y_cal1: 
    5.61259     1.92863    -9.66014     0.67295
     15.372     6.50242    -23.6492    0.446103
    7.22436     3.33306    -10.4705     1.61968
3.28942e-16 3.08196e-16 -4.7289e-16           1
Z_cal1: 
  0.752658  -0.635432   0.172433  0.0469388
 -0.636878  -0.769061 -0.0541347   0.176039
   0.16701 -0.0690737  -0.983533   0.612936
         0          0          0          1
Probability Method 3 - Iterative Refinement
X_cal2: 
1 0 0 0
0 1 0 0
0 0 1 0
0 0 0 1
Y_cal2: 
1 0 0 0
0 1 0 0
0 0 1 0
0 0 0 1
Z_cal2: 
1 0 0 0
0 1 0 0
0 0 1 0
0 0 0 1
Probability Method 1
X_cal1: 
4.63557e-310   -0.0243887    0.0239753     0.620142
           0    -0.649806    -0.760096  -0.00018905
    0.034117     0.759709    -0.649368      0.60758
           0            0            0            1
Y_cal1: 
    5.61259     1.92863    -9.66014     0.67295
     15.372     6.50242    -23.6492    0.446103
    7.22436     3.33306    -10.4705     1.61968
3.28942e-16 3.08196e-16 -4.7289e-16           1
Z_cal1: 
  0.752658  -0.635432   0.172433  0.0469388
 -0.636878  -0.769061 -0.0541347   0.176039
   0.16701 -0.0690737  -0.983533   0.612936
         0          0          0          1
Probability Method 3 - Iterative Refinement
X_cal2: 
1 0 0 0
0 1 0 0
0 0 1 0
0 0 0 1
Y_cal2: 
1 0 0 0
0 1 0 0
0 0 1 0
0 0 0 1
Z_cal2: 
1 0 0 0
0 1 0 0
0 0 1 0
0 0 0 1
Probability Method 1
X_cal1: 
4.67565e-310     0.461722     0.100694     0.983452
           0    -0.214711    -0.951303   -0.0540149
   -0.417618     0.860646    -0.291348     0.884095
           0            0            0            1
Y_cal1: 
-0.000150959    0.0167202     -0.99986     0.619274
    0.258715     0.965819    0.0161119     -0.46627
    0.965954    -0.258677  -0.00447156      1.05359
-2.45278e-16  3.63639e-18 -1.53523e-17            1
Z_cal1: 
  0.524517   -0.82532   0.209115  -0.387144
 -0.851288   -0.50439   0.144568 -0.0188482
-0.0138391  -0.253845  -0.967146    1.04588
         0          0         -0          1
Probability Method 3 - Iterative Refinement
X_cal2: 
1 0 0 0
0 1 0 0
0 0 1 0
0 0 0 1
Y_cal2: 
1 0 0 0
0 1 0 0
0 0 1 0
0 0 0 1
Z_cal2: 
1 0 0 0
0 1 0 0
0 0 1 0
0 0 0 1
Probability Method 1
X_cal1: 
4.63557e-310     0.461722     0.100694     0.983452
           0    -0.214711    -0.951303   -0.0540149
   -0.417618     0.860646    -0.291348     0.884095
           0            0            0            1
Y_cal1: 
-0.000150959    0.0167202     -0.99986     0.619274
    0.258715     0.965819    0.0161119     -0.46627
    0.965954    -0.258677  -0.00447156      1.05359
-2.45278e-16  3.63639e-18 -1.53523e-17            1
Z_cal1: 
  0.524517   -0.82532   0.209115  -0.387144
 -0.851288   -0.50439   0.144568 -0.0188482
-0.0138391  -0.253845  -0.967146    1.04588
         0          0         -0          1
Probability Method 3 - Iterative Refinement
X_cal2: 
1 0 0 0
0 1 0 0
0 0 1 0
0 0 0 1
Y_cal2: 
1 0 0 0
0 1 0 0
0 0 1 0
0 0 0 1
Z_cal2: 
1 0 0 0
0 1 0 0
0 0 1 0
0 0 0 1
Probability Method 1
X_cal1: 
4.6442e-310   0.0283903   -0.461307     0.97203
          0    0.999511  0.00143867  0.00302436
   0.461122   0.0131404     0.88724    0.709192
          0           0           0           1
Y_cal1: 
     1.12669     -3.20118   -0.0568192    -0.704976
     2.01675     -9.70244      2.78249     -3.52053
   0.0456151     -0.60332    -0.149555      1.91905
-7.99425e-17 -9.62751e-17 -4.53334e-17            1
Z_cal1: 
     0.175  -0.980238 -0.0922439 0.00856427
  -0.93416  -0.135716  -0.330039   0.217304
  0.310998   0.143928  -0.939449   0.737878
        -0          0          0          1
Probability Method 3 - Iterative Refinement
X_cal2: 
-nan  nan -nan  nan
-nan  nan -nan  nan
-nan  nan -nan  nan
-nan  nan -nan  nan
Y_cal2: 
-nan  nan -nan  nan
-nan  nan -nan  nan
-nan  nan -nan  nan
-nan  nan -nan  nan
Z_cal2: 
-nan  nan -nan  nan
-nan  nan -nan  nan
-nan  nan -nan  nan
-nan  nan -nan  nan
Probability Method 1
X_cal1: 
4.63557e-310    0.0283903    -0.461307      0.97203
           0     0.999511   0.00143867   0.00302436
    0.461122    0.0131404      0.88724     0.709192
           0            0            0            1
Y_cal1: 
     1.12669     -3.20118   -0.0568192    -0.704976
     2.01675     -9.70244      2.78249     -3.52053
   0.0456151     -0.60332    -0.149555      1.91905
-7.99425e-17 -9.62751e-17 -4.53334e-17            1
Z_cal1: 
     0.175  -0.980238 -0.0922439 0.00856427
  -0.93416  -0.135716  -0.330039   0.217304
  0.310998   0.143928  -0.939449   0.737878
        -0          0          0          1
Probability Method 3 - Iterative Refinement
X_cal2: 
1 0 0 0
0 1 0 0
0 0 1 0
0 0 0 1
Y_cal2: 
1 0 0 0
0 1 0 0
0 0 1 0
0 0 0 1
Z_cal2: 
1 0 0 0
0 1 0 0
0 0 1 0
0 0 0 1
Probability Method 1
X_cal1: 
4.64193e-310            1            0          nan
           0            0            1          nan
           1            0            0          nan
           0            0            0            1
Y_cal1: 
nan nan nan nan
nan nan nan nan
nan nan nan nan
nan nan nan nan
Z_cal1: 
4.64193e-310    0.0228602  -0.00651868    -0.706748
           0     0.999399    0.0262166   0.00643867
  0.00711408   -0.0260614     0.999635    -0.616166
          -0           -0           -0            1
Probability Method 2
X_cal2: 
1 0 0 0
0 1 0 0
0 0 1 0
0 0 0 1
Y_cal2: 
1 0 0 0
0 1 0 0
0 0 1 0
0 0 0 1
Z_cal2: 
1 0 0 0
0 1 0 0
0 0 1 0
0 0 0 1
Probability Method 3 - Iterative Refinement
X_cal3: 
2.52813e-320 6.90783e-310 8.65109e-321 6.95301e-310
6.90783e-310 6.90783e-310 6.90783e-310 6.95301e-310
6.90783e-310 6.90783e-310 6.90783e-310 6.90783e-310
9.43829e-315 6.90783e-310 6.95301e-310            0
Y_cal3: 
6.90783e-310 1.47473e-316 6.90783e-310 5.92879e-323
6.90783e-310 6.95301e-310 6.95301e-310 6.90783e-310
6.90783e-310 6.95293e-310 4.94066e-324 8.32659e-315
9.43829e-315 6.95301e-310 6.90783e-310            0
Z_cal3: 
6.90783e-310 6.90783e-310 2.47033e-323 4.94066e-324
9.43829e-315 6.95301e-310 6.90783e-310 6.90783e-310
6.90783e-310 6.95301e-310 4.94066e-324   2.122e-314
6.95301e-310 6.90783e-310            0 6.90783e-310
Probability Method 1
X_cal1: 
4.63557e-310            1            0          nan
           0            0            1          nan
           1            0            0          nan
           0            0            0            1
Y_cal1: 
nan nan nan nan
nan nan nan nan
nan nan nan nan
nan nan nan nan
Z_cal1: 
4.63557e-310    0.0228602  -0.00651868    -0.706748
           0     0.999399    0.0262166   0.00643867
  0.00711408   -0.0260614     0.999635    -0.616166
          -0           -0           -0            1
Probability Method 2
X_cal2: 
1 0 0 0
0 1 0 0
0 0 1 0
0 0 0 1
Y_cal2: 
1 0 0 0
0 1 0 0
0 0 1 0
0 0 0 1
Z_cal2: 
1 0 0 0
0 1 0 0
0 0 1 0
0 0 0 1
Probability Method 3 - Iterative Refinement
X_cal3: 
2.52813e-320 6.95335e-310 8.65109e-321 6.95336e-310
6.95335e-310 6.95335e-310 6.95335e-310 6.95336e-310
6.95335e-310 6.95335e-310 6.95335e-310 6.95335e-310
9.43829e-315 6.95335e-310 6.95336e-310            0
Y_cal3: 
6.95335e-310 1.47473e-316 6.95335e-310 5.92879e-323
6.95335e-310 6.95336e-310 6.95336e-310 6.95335e-310
6.95335e-310 6.95314e-310 4.94066e-324 2.12199e-314
9.43829e-315 6.95336e-310 6.95335e-310            0
Z_cal3: 
6.95335e-310 6.95335e-310 2.47033e-323 4.94066e-324
9.43829e-315 6.95336e-310 6.95335e-310 6.95335e-310
6.95335e-310 6.95336e-310 4.94066e-324   2.122e-314
6.95336e-310 6.95335e-310            0 6.95335e-310
Probability Method 1
X_cal1: 
4.64578e-310            1            0          nan
           0            0            1          nan
           1            0            0          nan
           0            0            0            1
Y_cal1: 
nan nan nan nan
nan nan nan nan
nan nan nan nan
nan nan nan nan
Z_cal1: 
4.64578e-310    0.0228602  -0.00651868    -0.706748
           0     0.999399    0.0262166   0.00643867
  0.00711408   -0.0260614     0.999635    -0.616166
          -0           -0           -0            1
Probability Method 2
X_cal2: 
4.64578e-310   -0.0226473   0.00714581     0.711084
           0     0.999398   -0.0261256  -0.00632753
 -0.00654983    0.0262814     0.999633     0.611185
           0            0            0            1
Y_cal2: 
0 0 0 0
0 0 0 0
0 0 0 0
0 0 0 0
Z_cal2: 
4.64578e-310     -0.32492    -0.192556     0.381543
           0     0.679255     0.633722    -0.327411
  -0.0751141     0.658058    -0.749212     0.725874
           0            0            0            1
Probability Method 3 - Iterative Refinement
X_cal3: 
1 0 0 0
0 1 0 0
0 0 1 0
0 0 0 1
Y_cal3: 
1 0 0 0
0 1 0 0
0 0 1 0
0 0 0 1
Z_cal3: 
1 0 0 0
0 1 0 0
0 0 1 0
0 0 0 1
Probability Method 1
X_cal1: 
4.63557e-310            1            0          nan
           0            0            1          nan
           1            0            0          nan
           0            0            0            1
Y_cal1: 
nan nan nan nan
nan nan nan nan
nan nan nan nan
nan nan nan nan
Z_cal1: 
4.63557e-310    0.0228602  -0.00651868    -0.706748
           0     0.999399    0.0262166   0.00643867
  0.00711408   -0.0260614     0.999635    -0.616166
          -0           -0           -0            1
Probability Method 2
X_cal2: 
4.63557e-310   -0.0226473   0.00714581     0.711084
           0     0.999398   -0.0261256  -0.00632753
 -0.00654983    0.0262814     0.999633     0.611185
           0            0            0            1
Y_cal2: 
0 0 0 0
0 0 0 0
0 0 0 0
0 0 0 0
Z_cal2: 
4.63557e-310     -0.32492    -0.192556     0.381543
           0     0.679255     0.633722    -0.327411
  -0.0751141     0.658058    -0.749212     0.725874
           0            0            0            1
Probability Method 3 - Iterative Refinement
X_cal3: 
1 0 0 0
0 1 0 0
0 0 1 0
0 0 0 1
Y_cal3: 
1 0 0 0
0 1 0 0
0 0 1 0
0 0 0 1
Z_cal3: 
1 0 0 0
0 1 0 0
0 0 1 0
0 0 0 1
Probability Method 1
X_cal1: 
4.6893e-310           1           0         nan
          0           0           1         nan
          1           0           0         nan
          0           0           0           1
Y_cal1: 
nan nan nan nan
nan nan nan nan
nan nan nan nan
nan nan nan nan
Z_cal1: 
4.6893e-310   0.0228602 -0.00651868   -0.706748
          0    0.999399   0.0262166  0.00643867
 0.00711408  -0.0260614    0.999635   -0.616166
         -0          -0          -0           1
Probability Method 2
X_cal2: 
4.6893e-310  -0.0226473  0.00714581    0.711084
          0    0.999398  -0.0261256 -0.00632753
-0.00654983   0.0262814    0.999633    0.611185
          0           0           0           1
Y_cal2: 
0 0 0 0
0 0 0 0
0 0 0 0
0 0 0 0
Z_cal2: 
4.6893e-310    -0.32492   -0.192556    0.381543
          0    0.679255    0.633722   -0.327411
 -0.0751141    0.658058   -0.749212    0.725874
          0           0           0           1
Probability Method 3 - Iterative Refinement
X_cal3: 
-nan  nan -nan  nan
-nan  nan -nan  nan
-nan  nan -nan  nan
-nan  nan -nan  nan
Y_cal3: 
-nan  nan -nan  nan
-nan  nan -nan  nan
-nan  nan -nan  nan
-nan  nan -nan  nan
Z_cal3: 
-nan  nan -nan  nan
-nan  nan -nan  nan
-nan  nan -nan  nan
-nan  nan -nan  nan
Probability Method 1
X_cal1: 
4.63557e-310            1            0          nan
           0            0            1          nan
           1            0            0          nan
           0            0            0            1
Y_cal1: 
nan nan nan nan
nan nan nan nan
nan nan nan nan
nan nan nan nan
Z_cal1: 
4.63557e-310    0.0228602  -0.00651868    -0.706748
           0     0.999399    0.0262166   0.00643867
  0.00711408   -0.0260614     0.999635    -0.616166
          -0           -0           -0            1
Probability Method 2
X_cal2: 
4.63557e-310   -0.0226473   0.00714581     0.711084
           0     0.999398   -0.0261256  -0.00632753
 -0.00654983    0.0262814     0.999633     0.611185
           0            0            0            1
Y_cal2: 
0 0 0 0
0 0 0 0
0 0 0 0
0 0 0 0
Z_cal2: 
4.63557e-310     -0.32492    -0.192556     0.381543
           0     0.679255     0.633722    -0.327411
  -0.0751141     0.658058    -0.749212     0.725874
           0            0            0            1
Probability Method 3 - Iterative Refinement
X_cal3: 
   0.729434    0.512047   -0.453578   -0.221837
  -0.156211   -0.520866   -0.839224   -0.112014
  -0.665976    0.683013    -0.29995 -0.00465155
          0           0           0           1
Y_cal3: 
 -0.839224   0.520866   0.156211 -0.0853968
 -0.453578  -0.512047  -0.729434  -0.120088
  -0.29995  -0.683013   0.665976   0.208089
         0          0          0          1
Z_cal3: 
  0.466506   0.789149  -0.399519  -0.200609
-0.0334936  -0.435596  -0.899519  -0.149427
 -0.883883   0.433013  -0.176777   0.102293
         0          0          0          1
Probability Method 1
X_cal1: 
4.66917e-310            1            0          nan
           0            0            1          nan
           1            0            0          nan
           0            0            0            1
Y_cal1: 
nan nan nan nan
nan nan nan nan
nan nan nan nan
nan nan nan nan
Z_cal1: 
4.66917e-310    0.0228602  -0.00651868    -0.706748
           0     0.999399    0.0262166   0.00643867
  0.00711408   -0.0260614     0.999635    -0.616166
          -0           -0           -0            1
Probability Method 2
X_cal2: 
4.66917e-310   -0.0226473   0.00714581     0.711084
           0     0.999398   -0.0261256  -0.00632753
 -0.00654983    0.0262814     0.999633     0.611185
           0            0            0            1
Y_cal2: 
0 0 0 0
0 0 0 0
0 0 0 0
0 0 0 0
Z_cal2: 
4.66917e-310     -0.32492    -0.192556     0.381543
           0     0.679255     0.633722    -0.327411
  -0.0751141     0.658058    -0.749212     0.725874
           0            0            0            1
Probability Method 3 - Iterative Refinement
X_cal3: 
-nan  nan -nan  nan
-nan  nan -nan  nan
-nan  nan -nan  nan
-nan  nan -nan  nan
Y_cal3: 
-nan  nan -nan  nan
-nan  nan -nan  nan
-nan  nan -nan  nan
-nan  nan -nan  nan
Z_cal3: 
-nan  nan -nan  nan
-nan  nan -nan  nan
-nan  nan -nan  nan
-nan  nan -nan  nan
Probability Method 1
X_cal1: 
4.63557e-310            1            0          nan
           0            0            1          nan
           1            0            0          nan
           0            0            0            1
Y_cal1: 
nan nan nan nan
nan nan nan nan
nan nan nan nan
nan nan nan nan
Z_cal1: 
4.63557e-310    0.0228602  -0.00651868    -0.706748
           0     0.999399    0.0262166   0.00643867
  0.00711408   -0.0260614     0.999635    -0.616166
          -0           -0           -0            1
Probability Method 2
X_cal2: 
4.63557e-310   -0.0226473   0.00714581     0.711084
           0     0.999398   -0.0261256  -0.00632753
 -0.00654983    0.0262814     0.999633     0.611185
           0            0            0            1
Y_cal2: 
0 0 0 0
0 0 0 0
0 0 0 0
0 0 0 0
Z_cal2: 
4.63557e-310     -0.32492    -0.192556     0.381543
           0     0.679255     0.633722    -0.327411
  -0.0751141     0.658058    -0.749212     0.725874
           0            0            0            1
Probability Method 3 - Iterative Refinement
X_cal3: 
   0.729434    0.512047   -0.453578   -0.221837
  -0.156211   -0.520866   -0.839224   -0.112014
  -0.665976    0.683013    -0.29995 -0.00465155
          0           0           0           1
Y_cal3: 
 -0.839224   0.520866   0.156211 -0.0853968
 -0.453578  -0.512047  -0.729434  -0.120088
  -0.29995  -0.683013   0.665976   0.208089
         0          0          0          1
Z_cal3: 
  0.466506   0.789149  -0.399519  -0.200609
-0.0334936  -0.435596  -0.899519  -0.149427
 -0.883883   0.433013  -0.176777   0.102293
         0          0          0          1
Probability Method 1
X_cal1: 
4.6862e-310           1           0         nan
          0           0           1         nan
          1           0           0         nan
          0           0           0           1
Y_cal1: 
nan nan nan nan
nan nan nan nan
nan nan nan nan
nan nan nan nan
Z_cal1: 
4.6862e-310   0.0228602 -0.00651868   -0.706748
          0    0.999399   0.0262166  0.00643867
 0.00711408  -0.0260614    0.999635   -0.616166
         -0          -0          -0           1
Probability Method 2
X_cal2: 
4.6862e-310  -0.0226473  0.00714581    0.711084
          0    0.999398  -0.0261256 -0.00632753
-0.00654983   0.0262814    0.999633    0.611185
          0           0           0           1
Y_cal2: 
0 0 0 0
0 0 0 0
0 0 0 0
0 0 0 0
Z_cal2: 
4.6862e-310    -0.32492   -0.192556    0.381543
          0    0.679255    0.633722   -0.327411
 -0.0751141    0.658058   -0.749212    0.725874
          0           0           0           1
Probability Method 3 - Iterative Refinement
X_cal3: 
-nan  nan -nan  nan
-nan  nan -nan  nan
-nan  nan -nan  nan
-nan  nan -nan  nan
Y_cal3: 
-nan  nan -nan  nan
-nan  nan -nan  nan
-nan  nan -nan  nan
-nan  nan -nan  nan
Z_cal3: 
-nan  nan -nan  nan
-nan  nan -nan  nan
-nan  nan -nan  nan
-nan  nan -nan  nan
Probability Method 1
X_cal1: 
-nan -nan -nan -nan
-nan -nan -nan -nan
-nan -nan -nan -nan
-nan -nan -nan -nan
Y_cal1: 
-nan -nan -nan -nan
-nan -nan -nan -nan
-nan -nan -nan -nan
-nan -nan -nan -nan
Z_cal1: 
-nan -nan -nan -nan
-nan -nan -nan -nan
-nan -nan -nan -nan
-nan -nan -nan -nan
Probability Method 2
X_cal2: 
-nan -nan -nan -nan
-nan -nan -nan -nan
-nan -nan -nan -nan
-nan -nan -nan -nan
Y_cal2: 
0 0 0 0
0 0 0 0
0 0 0 0
0 0 0 0
Z_cal2: 
-nan -nan -nan -nan
-nan -nan -nan -nan
-nan -nan -nan -nan
-nan -nan -nan -nan
Probability Method 3 - Iterative Refinement
X_cal3: 
   0.729434    0.512047   -0.453578   -0.221837
  -0.156211   -0.520866   -0.839224   -0.112014
  -0.665976    0.683013    -0.29995 -0.00465155
          0           0           0           1
Y_cal3: 
 -0.839224   0.520866   0.156211 -0.0853968
 -0.453578  -0.512047  -0.729434  -0.120088
  -0.29995  -0.683013   0.665976   0.208089
         0          0          0          1
Z_cal3: 
  0.466506   0.789149  -0.399519  -0.200609
-0.0334936  -0.435596  -0.899519  -0.149427
 -0.883883   0.433013  -0.176777   0.102293
         0          0          0          1
Probability Method 1
X_cal1: 
6.91815e-310            0            0            0
6.91815e-310            0            0            0
 4.6367e-310            0            0            0
 4.6367e-310            0            0            0
Y_cal1: 
-nan -nan -nan -nan
-nan -nan -nan -nan
-nan -nan -nan -nan
-nan -nan -nan -nan
Z_cal1: 
6.91815e-310            0            0            0
6.91815e-310            0            0            0
 4.6367e-310            0            0            0
 4.6367e-310            0            0            0
Probability Method 2
X_cal2: 
4.6367e-310  -0.0226473  0.00714581    0.711084
          0    0.999398  -0.0261256 -0.00632753
-0.00654983   0.0262814    0.999633    0.611185
          0           0           0           1
Y_cal2: 
0 0 0 0
0 0 0 0
0 0 0 0
0 0 0 0
Z_cal2: 
4.6367e-310    -0.32492   -0.192556    0.381543
          0    0.679255    0.633722   -0.327411
 -0.0751141    0.658058   -0.749212    0.725874
          0           0           0           1
Probability Method 3 - Iterative Refinement
X_cal3: 
 nan -nan  nan -nan
 nan -nan  nan -nan
 nan -nan  nan -nan
 nan -nan  nan -nan
Y_cal3: 
 nan -nan  nan -nan
 nan -nan  nan -nan
 nan -nan  nan -nan
 nan -nan  nan -nan
Z_cal3: 
 nan -nan  nan -nan
 nan -nan  nan -nan
 nan -nan  nan -nan
 nan -nan  nan -nan
Probability Method 1
X_cal1: 
6.95335e-310            0            0            0
6.95335e-310            0            0            0
4.63557e-310            0            0            0
4.63557e-310            0            0            0
Y_cal1: 
-nan -nan -nan -nan
-nan -nan -nan -nan
-nan -nan -nan -nan
-nan -nan -nan -nan
Z_cal1: 
6.95335e-310            0            0            0
6.95335e-310            0            0            0
4.63557e-310            0            0            0
4.63557e-310            0            0            0
Probability Method 2
X_cal2: 
  0.594803    0.76989  -0.231256  -0.225062
-0.0744264    -0.2337  -0.969456   0.464324
 -0.800419   0.593847 -0.0817056  -0.242576
        -0         -0          0          1
Y_cal2: 
0 0 0 0
0 0 0 0
0 0 0 0
0 0 0 0
Z_cal2: 
           0      0.93607  8.48191e-05     0.351814
5.14322e-321            0            0            0
    0.351794   -0.0109067    -0.936014     0.326822
  0.00375772     0.999941   -0.0102392   0.00354407
Probability Method 3 - Iterative Refinement
X_cal3: 
-nan  nan -nan  nan
-nan  nan -nan  nan
-nan  nan -nan  nan
-nan  nan -nan  nan
Y_cal3: 
-nan -nan  nan -nan
-nan -nan  nan -nan
-nan -nan  nan -nan
-nan -nan  nan -nan
Z_cal3: 
 nan -nan  nan -nan
 nan -nan  nan -nan
 nan -nan  nan -nan
 nan -nan  nan -nan
Probability Method 1
X_cal1: 
6.91735e-310            0            0            0
6.91735e-310            0            0            0
4.65743e-310            0            0            0
4.65743e-310            0            0            0
Y_cal1: 
-nan -nan -nan -nan
-nan -nan -nan -nan
-nan -nan -nan -nan
-nan -nan -nan -nan
Z_cal1: 
6.91735e-310            0            0            0
6.91735e-310            0            0            0
4.65743e-310            0            0            0
4.65743e-310            0            0            0
Probability Method 2
X_cal2: 
4.65743e-310   -0.0226473   0.00714581     0.711084
           0     0.999398   -0.0261256  -0.00632753
 -0.00654983    0.0262814     0.999633     0.611185
           0            0            0            1
Y_cal2: 
0 0 0 0
0 0 0 0
0 0 0 0
0 0 0 0
Z_cal2: 
4.65743e-310     -0.32492    -0.192556     0.381543
           0     0.679255     0.633722    -0.327411
  -0.0751141     0.658058    -0.749212     0.725874
           0            0            0            1
Probability Method 3 - Iterative Refinement
X_cal3: 
 nan -nan  nan -nan
 nan -nan  nan -nan
 nan -nan  nan -nan
 nan -nan  nan -nan
Y_cal3: 
-nan -nan -nan -nan
-nan -nan -nan -nan
-nan -nan -nan -nan
-nan -nan -nan -nan
Z_cal3: 
 nan -nan  nan -nan
 nan -nan  nan -nan
 nan -nan  nan -nan
 nan -nan  nan -nan
Probability Method 1
X_cal1: 
6.95335e-310            0            0            0
6.95335e-310            0            0            0
4.63557e-310            0            0            0
4.63557e-310            0            0            0
Y_cal1: 
-nan -nan -nan -nan
-nan -nan -nan -nan
-nan -nan -nan -nan
-nan -nan -nan -nan
Z_cal1: 
6.95335e-310            0            0            0
6.95335e-310            0            0            0
4.63557e-310            0            0            0
4.63557e-310            0            0            0
Probability Method 2
X_cal2: 
  0.594803    0.76989  -0.231256  -0.225062
-0.0744264    -0.2337  -0.969456   0.464324
 -0.800419   0.593847 -0.0817056  -0.242576
        -0         -0          0          1
Y_cal2: 
0 0 0 0
0 0 0 0
0 0 0 0
0 0 0 0
Z_cal2: 
           0      0.93607  8.48191e-05     0.351814
5.14322e-321            0            0            0
    0.351794   -0.0109067    -0.936014     0.326822
  0.00375772     0.999941   -0.0102392   0.00354407
Probability Method 3 - Iterative Refinement
X_cal3: 
-nan  nan -nan -nan
-nan  nan -nan -nan
-nan  nan -nan -nan
-nan  nan -nan -nan
Y_cal3: 
-nan -nan -nan -nan
-nan -nan -nan -nan
-nan -nan -nan -nan
-nan -nan -nan -nan
Z_cal3: 
 nan -nan  nan -nan
 nan -nan  nan -nan
 nan -nan  nan -nan
 nan -nan  nan -nan
Probability Method 1
X_cal1: 
6.92933e-310            0            0            0
6.92933e-310            0            0            0
4.67068e-310            0            0            0
4.67068e-310            0            0            0
Y_cal1: 
-nan -nan -nan -nan
-nan -nan -nan -nan
-nan -nan -nan -nan
-nan -nan -nan -nan
Z_cal1: 
6.92933e-310            0            0            0
6.92933e-310            0            0            0
4.67068e-310            0            0            0
4.67068e-310            0            0            0
Probability Method 2
X_cal2: 
  0.813269   0.578595  0.0618197    1.14006
 -0.578891    0.81527 -0.0148305  -0.116085
-0.0589806 -0.0237257   0.997977     0.8028
         0          0          0          1
Y_cal2: 
0 0 0 0
0 0 0 0
0 0 0 0
0 0 0 0
Z_cal2: 
4.67068e-310     0.990629    0.0957151     0.152627
           0     0.134421    -0.556983     0.512734
    -0.56463    0.0241797     -0.82499     0.747839
          -0           -0           -0            1
Probability Method 3 - Iterative Refinement
X_cal3: 
 nan -nan  nan -nan
 nan -nan  nan -nan
 nan -nan  nan -nan
 nan -nan  nan -nan
Y_cal3: 
-nan -nan -nan -nan
-nan -nan -nan -nan
-nan -nan -nan -nan
-nan -nan -nan -nan
Z_cal3: 
 nan -nan  nan -nan
 nan -nan  nan -nan
 nan -nan  nan -nan
 nan -nan  nan -nan
Probability Method 1
X_cal1: 
6.95335e-310            0            0            0
6.95335e-310            0            0            0
4.63557e-310            0            0            0
4.63557e-310            0            0            0
Y_cal1: 
-nan -nan -nan -nan
-nan -nan -nan -nan
-nan -nan -nan -nan
-nan -nan -nan -nan
Z_cal1: 
6.95335e-310            0            0            0
6.95335e-310            0            0            0
4.63557e-310            0            0            0
4.63557e-310            0            0            0
Probability Method 2
X_cal2: 
 0.0765065 -0.0216581   0.996834  -0.727079
   0.01043   0.999727  0.0209205 -0.0131606
 -0.997015  0.0087964  0.0767115   0.249515
        -0         -0         -0          1
Y_cal2: 
0 0 0 0
0 0 0 0
0 0 0 0
0 0 0 0
Z_cal2: 
           0     0.996844    0.0210297    0.0765493
5.14322e-321            0            0            0
   0.0763398    0.0105924    -0.997026     0.304522
   -0.021778     0.999723   0.00895353  -0.00480594
Probability Method 3 - Iterative Refinement
X_cal3: 
 nan -nan  nan -nan
 nan -nan  nan -nan
 nan -nan  nan -nan
 nan -nan  nan -nan
Y_cal3: 
-nan -nan -nan -nan
-nan -nan -nan -nan
-nan -nan -nan -nan
-nan -nan -nan -nan
Z_cal3: 
 nan -nan  nan -nan
 nan -nan  nan -nan
 nan -nan  nan -nan
 nan -nan  nan -nan
Probability Method 3 - Iterative Refinement
X_cal3: 
  0.838065   0.544915  0.0267425    43808.9
  0.543165  -0.837964  0.0527966     302907
 0.0511789 -0.0297214  -0.998247     174777
         0          0          0          1
Y_cal3: 
-0.238679 -0.083594  0.967494   -298750
 0.102582  0.988543   0.11072  -93060.8
-0.965665  0.125674  -0.22737   74694.9
        0         0         0         1
Z_cal3: 
 -0.55109 -0.719138  0.423249  -3141.77
-0.784292  0.619589 0.0315529   -247734
